40.0137583,116.3393016,0,144.4,39900.1793287037,2009-03-28,04:18:14,17
40.0137149,116.3412249,0,144.4,39900.1796180556,2009-03-28,04:18:39,17
40.0137649,116.3433033,0,144.4,39900.1798726852,2009-03-28,04:19:01,17
40.0137933,116.3452766,0,147.6,39900.1800578704,2009-03-28,04:19:17,17
40.0121733,116.3458316,0,147.6,39900.1803935185,2009-03-28,04:19:46,17
40.0099399,116.3459683,0,173.9,39900.1807638889,2009-03-28,04:20:18,17
40.0089116,116.3459749,0,164,39900.1818287037,2009-03-28,04:21:50,17
40.0068266,116.3462216,0,154.2,39900.1822569444,2009-03-28,04:22:27,17
40.0085299,116.3461983,0,141.1,39900.183599537,2009-03-28,04:24:23,17
40.0103683,116.3461049,0,134.5,39900.1837847222,2009-03-28,04:24:39,17
40.0123999,116.3460266,0,134.5,39900.1840393519,2009-03-28,04:25:01,17
40.0139716,116.3454233,0,118.1,39900.1852893519,2009-03-28,04:26:49,17
40.0138883,116.3434183,0,124.7,39900.185474537,2009-03-28,04:27:05,17
40.0138599,116.3411799,0,121.4,39900.1856597222,2009-03-28,04:27:21,17
40.0142649,116.3393949,0,118.1,39900.1860648148,2009-03-28,04:27:56,17
40.0152033,116.3404849,0,128,39900.1865162037,2009-03-28,04:28:35,17
40.0155466,116.3418666,0,111.5,39900.1870023148,2009-03-28,04:29:17,17
40.0167116,116.3422483,0,134.5,39900.1886111111,2009-03-28,04:31:36,17
39.99785,116.3464966,0,173.9,39900.2007407407,2009-03-28,04:49:04,17
39.9958366,116.3465783,0,173.9,39900.2009259259,2009-03-28,04:49:20,17
39.9939933,116.3466683,0,167.3,39900.2011111111,2009-03-28,04:49:36,17
39.9922133,116.3467633,0,160.8,39900.2019791667,2009-03-28,04:50:51,17
39.9900433,116.3468833,0,160.8,39900.2024305556,2009-03-28,04:51:30,17
39.9880333,116.3469216,0,167.3,39900.2030902778,2009-03-28,04:52:27,17
39.986135,116.3468999,0,170.6,39900.2036458333,2009-03-28,04:53:15,17
39.9857949,116.3450816,0,173.9,39900.2039583333,2009-03-28,04:53:42,17
39.9856766,116.3433333,0,177.2,39900.2041782407,2009-03-28,04:54:01,17
39.9855716,116.3413733,0,170.6,39900.2043634259,2009-03-28,04:54:17,17
39.98552,116.3394299,0,167.3,39900.2045717593,2009-03-28,04:54:35,17
39.9854733,116.3373349,0,164,39900.2047569444,2009-03-28,04:54:51,17
39.9853666,116.3349299,0,147.6,39900.2049421296,2009-03-28,04:55:07,17
39.9852283,116.3318033,0,137.8,39900.2051273148,2009-03-28,04:55:23,17
39.9851033,116.3295216,0,144.4,39900.2053240741,2009-03-28,04:55:40,17
39.9850083,116.32762,0,154.2,39900.2055324074,2009-03-28,04:55:58,17
39.9849949,116.3256133,0,167.3,39900.2066203704,2009-03-28,04:57:32,17
39.9849183,116.322805,0,170.6,39900.2068055556,2009-03-28,04:57:48,17
39.9848366,116.3208216,0,180.4,39900.2071643519,2009-03-28,04:58:19,17
39.984865,116.3188466,0,183.7,39900.2079861111,2009-03-28,04:59:30,17
39.9846783,116.3163549,0,180.4,39900.2118865741,2009-03-28,05:05:07,17
39.9845866,116.3141416,0,177.2,39900.2122685185,2009-03-28,05:05:40,17
39.9842466,116.316275,0,164,39900.2130092593,2009-03-28,05:06:44,17
39.9844033,116.3202599,0,147.6,39900.2132523148,2009-03-28,05:07:05,17
39.9844716,116.3232016,0,150.9,39900.2134375,2009-03-28,05:07:21,17
39.9845266,116.3263216,0,150.9,39900.2136226852,2009-03-28,05:07:37,17
39.9847233,116.3296749,0,147.6,39900.2138078704,2009-03-28,05:07:53,17
39.984845,116.3333199,0,147.6,39900.2140277778,2009-03-28,05:08:12,17
39.9848983,116.3362899,0,157.5,39900.2142361111,2009-03-28,05:08:30,17
39.985005,116.3383183,0,173.9,39900.2144212963,2009-03-28,05:08:46,17
39.9850366,116.3402983,0,170.6,39900.2156365741,2009-03-28,05:10:31,17
39.9850916,116.3418916,0,173.9,39900.2171296296,2009-03-28,05:12:40,17
39.9851283,116.3437783,0,173.9,39900.2179282407,2009-03-28,05:13:49,17
39.9850716,116.34583,0,170.6,39900.2182175926,2009-03-28,05:14:14,17
39.9851133,116.3476966,0,170.6,39900.2186111111,2009-03-28,05:14:48,17
39.9867083,116.34747,0,173.9,39900.2190509259,2009-03-28,05:15:26,17
39.988895,116.3472216,0,167.3,39900.2193518518,2009-03-28,05:15:52,17
39.9905049,116.3471516,0,160.8,39900.2195486111,2009-03-28,05:16:09,17
39.9924216,116.3470516,0,154.2,39900.2201967593,2009-03-28,05:17:05,17
39.9942983,116.3469416,0,150.9,39900.2204166667,2009-03-28,05:17:24,17
39.9962233,116.3468233,0,144.4,39900.2206018518,2009-03-28,05:17:40,17
39.9980683,116.3467233,0,134.5,39900.220787037,2009-03-28,05:17:56,17
40.0002116,116.3466249,0,134.5,39900.2209722222,2009-03-28,05:18:12,17
40.0021816,116.3464933,0,134.5,39900.2211574074,2009-03-28,05:18:28,17
40.0045083,116.3463766,0,118.1,39900.2213425926,2009-03-28,05:18:44,17
40.0063783,116.3461899,0,128,39900.2221412037,2009-03-28,05:19:53,17
40.0064266,116.3443383,0,141.1,39900.222337963,2009-03-28,05:20:10,17
40.0064166,116.3426433,0,177.2,39900.2225231482,2009-03-28,05:20:26,17
40.0064166,116.3406766,0,180.4,39900.2227546296,2009-03-28,05:20:46,17
40.0063883,116.3386849,0,170.6,39900.2275115741,2009-03-28,05:27:37,17
40.0064283,116.33665,0,170.6,39900.2277546296,2009-03-28,05:27:58,17
40.0071449,116.3358716,0,150.9,39900.2282523148,2009-03-28,05:28:41,17
40.0087066,116.33663,0,95.1,39900.2873958333,2009-03-28,06:53:51,17
40.0105583,116.3375799,0,124.7,39900.2877662037,2009-03-28,06:54:23,17
40.0123983,116.3385316,0,147.6,39900.2881365741,2009-03-28,06:54:55,17
40.0140483,116.3393166,0,157.5,39900.288587963,2009-03-28,06:55:34,17
40.0152499,116.3405116,0,157.5,39900.2890509259,2009-03-28,06:56:14,17
40.0158016,116.3418133,0,160.8,39900.2895023148,2009-03-28,06:56:53,17
39.9590549,116.4013716,0,223.1,39900.1249421296,2009-03-28,02:59:55,37
39.9554383,116.4018383,0,42.7,39900.1253125,2009-03-28,03:00:27,37
39.9519416,116.4019633,0,13.1,39900.1256828704,2009-03-28,03:00:59,37
39.9485216,116.4020416,0,-9.8,39900.1260532407,2009-03-28,03:01:31,37
39.9473466,116.4025333,0,36.1,39900.1264236111,2009-03-28,03:02:03,37
39.9475633,116.4045416,0,59.1,39900.126875,2009-03-28,03:02:42,37
39.94784,116.4076233,0,62.3,39900.1272453704,2009-03-28,03:03:14,37
39.9479116,116.4109366,0,131.2,39900.1276157407,2009-03-28,03:03:46,37
39.9479549,116.4138433,0,170.6,39900.1279976852,2009-03-28,03:04:19,37
39.9479999,116.4167549,0,154.2,39900.1283680556,2009-03-28,03:04:51,37
39.94806,116.4188033,0,154.2,39900.12875,2009-03-28,03:05:24,37
39.9481816,116.4220033,0,144.4,39900.1291203704,2009-03-28,03:05:56,37
39.9476866,116.426415,0,131.2,39900.1294907407,2009-03-28,03:06:28,37
39.9418216,116.4273833,0,114.8,39900.1300462963,2009-03-28,03:07:16,37
39.937035,116.4275916,0,134.5,39900.1305092593,2009-03-28,03:07:56,37
39.9301049,116.4276699,0,295.3,39900.1311574074,2009-03-28,03:08:52,37
39.9268933,116.4277916,0,252.6,39900.1315277778,2009-03-28,03:09:24,37
39.9246083,116.4276766,0,223.1,39900.1318981481,2009-03-28,03:09:56,37
39.92403,116.4277899,0,203.4,39900.1331365741,2009-03-28,03:11:43,37
39.9226733,116.4287666,0,216.5,39900.1344560185,2009-03-28,03:13:37,37
39.9229016,116.4321716,0,193.6,39900.1348263889,2009-03-28,03:14:09,37
39.9226132,116.4339283,0,249.3,39900.1352199074,2009-03-28,03:14:43,37
39.9221933,116.436945,0,311.7,39900.1355902778,2009-03-28,03:15:15,37
39.9218783,116.438305,0,223.1,39900.1360185185,2009-03-28,03:15:52,37
39.9214183,116.439915,0,213.3,39900.1363888889,2009-03-28,03:16:24,37
39.920835,116.4403883,0,203.4,39900.1369212963,2009-03-28,03:17:10,37
39.9207683,116.4416616,0,203.4,39900.137349537,2009-03-28,03:17:47,37
39.9208149,116.4410666,0,210,39900.143912037,2009-03-28,03:27:14,37
39.9215183,116.43986,0,210,39900.1442824074,2009-03-28,03:27:46,37
39.9220216,116.4388666,0,210,39900.145162037,2009-03-28,03:29:02,37
39.9227866,116.4350733,0,88.6,39900.1455324074,2009-03-28,03:29:34,37
39.9230699,116.4328866,0,-65.6,39900.1472106481,2009-03-28,03:31:59,37
39.9232983,116.4275799,0,-36.1,39900.1483680556,2009-03-28,03:33:39,37
39.9211316,116.4280783,0,-19.7,39900.1490277778,2009-03-28,03:34:36,37
39.9102049,116.4292483,0,137.8,39900.1499537037,2009-03-28,03:35:56,37
39.9095683,116.4293583,0,141.1,39900.1504282407,2009-03-28,03:36:37,37
39.9083016,116.4294033,0,144.4,39900.1509837963,2009-03-28,03:37:25,37
39.9060833,116.4289866,0,128,39900.1513541667,2009-03-28,03:37:57,37
39.9070949,116.4345016,0,95.1,39900.1519097222,2009-03-28,03:38:45,37
39.9069483,116.4612333,0,236.2,39900.1534837963,2009-03-28,03:41:01,37
39.9066166,116.5000999,0,259.2,39900.1553472222,2009-03-28,03:43:42,37
39.9079783,116.5323466,0,157.5,39900.1569212963,2009-03-28,03:45:58,37
39.9066683,116.5364933,0,124.7,39900.1572916667,2009-03-28,03:46:30,37
39.9077316,116.5451083,0,108.3,39900.1580092593,2009-03-28,03:47:32,37
39.9077616,116.5493599,0,200.1,39900.1583796296,2009-03-28,03:48:04,37
39.9078233,116.5534032,0,278.9,39900.15875,2009-03-28,03:48:36,37
39.907885,116.5582183,0,262.5,39900.1591203704,2009-03-28,03:49:08,37
39.9081433,116.5655699,0,144.4,39900.1596759259,2009-03-28,03:49:56,37
39.9089433,116.5739583,0,59.1,39900.1603240741,2009-03-28,03:50:52,37
39.9077316,116.5919149,0,137.8,39900.1615277778,2009-03-28,03:52:36,37
39.9077233,116.5942866,0,137.8,39900.1626041667,2009-03-28,03:54:09,37
39.9076566,116.5971899,0,128,39900.1629861111,2009-03-28,03:54:42,37
39.9070466,116.6018449,0,111.5,39900.1633564815,2009-03-28,03:55:14,37
39.9044499,116.6053266,0,68.9,39900.1637268519,2009-03-28,03:55:46,37
39.9037433,116.61278,0,82,39900.164375,2009-03-28,03:56:42,37
39.9048416,116.614335,0,68.9,39900.1647453704,2009-03-28,03:57:14,37
39.9051433,116.6156299,0,59.1,39900.1651388889,2009-03-28,03:57:48,37
39.9051333,116.618805,0,82,39900.1655092593,2009-03-28,03:58:20,37
39.9057949,116.6229533,0,95.1,39900.1659259259,2009-03-28,03:58:56,37
39.9054883,116.6378533,0,-101.7,39900.1693171296,2009-03-28,04:03:49,37
39.9057933,116.6406849,0,-101.7,39900.1696875,2009-03-28,04:04:21,37
39.9062149,116.6447599,0,-101.7,39900.1700578704,2009-03-28,04:04:53,37
39.9065799,116.6493733,0,-88.6,39900.1704282407,2009-03-28,04:05:25,37
39.9067433,116.6500749,0,-68.9,39900.1712152778,2009-03-28,04:06:33,37
39.9063083,116.6516433,0,-59.1,39900.1716203704,2009-03-28,04:07:08,37
39.9044316,116.6518316,0,-42.7,39900.172025463,2009-03-28,04:07:43,37
39.9008433,116.6521183,0,85.3,39900.1723958333,2009-03-28,04:08:15,37
39.8984133,116.6512349,0,72.2,39900.1727662037,2009-03-28,04:08:47,37
39.8957483,116.6502233,0,68.9,39900.1731365741,2009-03-28,04:09:19,37
39.8927299,116.6507566,0,78.7,39900.1740277778,2009-03-28,04:10:36,37
39.8915783,116.6507366,0,78.7,39900.1747916667,2009-03-28,04:11:42,37
39.8905433,116.6532799,0,65.6,39900.175162037,2009-03-28,04:12:14,37
39.8887533,116.6555032,0,39.4,39900.1756712963,2009-03-28,04:12:58,37
39.8869916,116.6576666,0,29.5,39900.1760416667,2009-03-28,04:13:30,37
39.8845866,116.6603849,0,36.1,39900.176412037,2009-03-28,04:14:02,37
39.8830516,116.6611266,0,49.2,39900.1767824074,2009-03-28,04:14:34,37
39.8794349,116.6603133,0,91.9,39900.1771527778,2009-03-28,04:15:06,37
39.8775933,116.659865,0,65.6,39900.1775231481,2009-03-28,04:15:38,37
39.875065,116.6591716,0,55.8,39900.1778935185,2009-03-28,04:16:10,37
39.8729633,116.6584366,0,59.1,39900.178275463,2009-03-28,04:16:43,37
39.8707683,116.6577166,0,62.3,39900.1788541667,2009-03-28,04:17:33,37
39.867235,116.6565766,0,59.1,39900.1793287037,2009-03-28,04:18:14,37
39.8626566,116.6552466,0,65.6,39900.1798842593,2009-03-28,04:19:02,37
39.859065,116.6541416,0,52.5,39900.1803703704,2009-03-28,04:19:44,37
39.8539133,116.6528749,0,52.5,39900.1809259259,2009-03-28,04:20:32,37
39.8539283,116.655405,0,39.4,39900.1813078704,2009-03-28,04:21:05,37
39.8540949,116.6584882,0,36.1,39900.1816782407,2009-03-28,04:21:37,37
39.8545133,116.6594083,0,45.9,39900.1820833333,2009-03-28,04:22:12,37
39.8544149,116.6594349,0,39.4,39900.2056597222,2009-03-28,04:56:09,37
39.8540933,116.6580599,0,45.9,39900.2060532407,2009-03-28,04:56:43,37
39.85382,116.6530199,0,52.5,39900.2067013889,2009-03-28,04:57:39,37
39.85703,116.65367,0,55.8,39900.2070717593,2009-03-28,04:58:11,37
39.85944,116.6543483,0,72.2,39900.2076273148,2009-03-28,04:58:59,37
39.8599933,116.6544599,0,65.6,39900.2080439815,2009-03-28,04:59:35,37
39.86268,116.6553399,0,68.9,39900.2084259259,2009-03-28,05:00:08,37
39.86485,116.6559566,0,62.3,39900.208912037,2009-03-28,05:00:50,37
39.8675183,116.6568383,0,72.2,39900.2092824074,2009-03-28,05:01:22,37
39.8702233,116.6576683,0,82,39900.2096527778,2009-03-28,05:01:54,37
39.872405,116.6584083,0,88.6,39900.2100231481,2009-03-28,05:02:26,37
39.8742116,116.6590199,0,82,39900.210462963,2009-03-28,05:03:04,37
39.8757966,116.6594982,0,85.3,39900.2112962963,2009-03-28,05:04:16,37
39.8778083,116.6599716,0,91.9,39900.2120486111,2009-03-28,05:05:21,37
39.8779933,116.6594499,0,88.6,39900.2125925926,2009-03-28,05:06:08,37
39.8789683,116.6585716,0,85.3,39900.2129861111,2009-03-28,05:06:42,37
39.8785166,116.6591366,0,91.9,39900.2134375,2009-03-28,05:07:21,37
39.8780066,116.6593683,0,88.6,39900.2405671296,2009-03-28,05:46:25,37
39.8787749,116.6601599,0,88.6,39900.2415972222,2009-03-28,05:47:54,37
39.8813533,116.6606933,0,91.9,39900.2419675926,2009-03-28,05:48:26,37
39.8817183,116.6608733,0,95.1,39900.242962963,2009-03-28,05:49:52,37
39.8821083,116.6610183,0,98.4,39900.2439351852,2009-03-28,05:51:16,37
39.8823599,116.661055,0,98.4,39900.2453587963,2009-03-28,05:53:19,37
39.8832749,116.6612433,0,98.4,39900.2467013889,2009-03-28,05:55:15,37
39.8838966,116.6613816,0,101.7,39900.2480324074,2009-03-28,05:57:10,37
39.8860216,116.6589999,0,98.4,39900.2484027778,2009-03-28,05:57:42,37
39.8895866,116.6513799,0,124.7,39900.2491435185,2009-03-28,05:58:46,37
39.8900383,116.6497799,0,121.4,39900.2504976852,2009-03-28,06:00:43,37
39.8909799,116.6467283,0,121.4,39900.2508680556,2009-03-28,06:01:15,37
39.891885,116.6437182,0,157.5,39900.2513773148,2009-03-28,06:01:59,37
39.8933833,116.6386333,0,121.4,39900.2518402778,2009-03-28,06:02:39,37
39.8947316,116.6370033,0,98.4,39900.2528240741,2009-03-28,06:04:04,37
39.8962616,116.6359832,0,95.1,39900.2532291667,2009-03-28,06:04:39,37
39.8972683,116.6352832,0,98.4,39900.2536805556,2009-03-28,06:05:18,37
39.8985899,116.6344049,0,101.7,39900.2542939815,2009-03-28,06:06:11,37
39.9005933,116.6331649,0,108.3,39900.2546759259,2009-03-28,06:06:44,37
39.90503,116.6293933,0,134.5,39900.2552314815,2009-03-28,06:07:32,37
39.9056183,116.6163316,0,118.1,39900.2561689815,2009-03-28,06:08:53,37
39.9057766,116.6138,0,114.8,39900.2565625,2009-03-28,06:09:27,37
39.905675,116.6071233,0,128,39900.2571180556,2009-03-28,06:10:15,37
39.9070433,116.6044666,0,111.5,39900.2575231481,2009-03-28,06:10:50,37
39.9077183,116.602745,0,108.3,39900.2578935185,2009-03-28,06:11:22,37
39.9079516,116.6019183,0,105,39900.2582986111,2009-03-28,06:11:57,37
39.9081283,116.601065,0,95.1,39900.2587615741,2009-03-28,06:12:37,37
39.908235,116.6000133,0,98.4,39900.2592361111,2009-03-28,06:13:18,37
39.9082632,116.598945,0,98.4,39900.2596643518,2009-03-28,06:13:55,37
39.9083249,116.5973033,0,114.8,39900.2600694444,2009-03-28,06:14:30,37
39.9082533,116.5972866,0,114.8,39900.2609490741,2009-03-28,06:15:46,37
39.9083383,116.5965216,0,111.5,39900.2614467593,2009-03-28,06:16:29,37
39.9083999,116.5950533,0,111.5,39900.2618402778,2009-03-28,06:17:03,37
39.9105399,116.5943916,0,108.3,39900.2622106481,2009-03-28,06:17:35,37
39.9112766,116.5928632,0,114.8,39900.2625810185,2009-03-28,06:18:07,37
39.9109716,116.59089,0,121.4,39900.2630208333,2009-03-28,06:18:45,37
39.9108616,116.5869883,0,128,39900.2633912037,2009-03-28,06:19:17,37
39.911135,116.5851816,0,114.8,39900.2639236111,2009-03-28,06:20:03,37
39.9119449,116.5820233,0,111.5,39900.2642939815,2009-03-28,06:20:35,37
39.9129516,116.5773633,0,134.5,39900.2647685185,2009-03-28,06:21:16,37
39.9136799,116.5709299,0,147.6,39900.2662962963,2009-03-28,06:23:28,37
39.9147999,116.5600099,0,137.8,39900.267037037,2009-03-28,06:24:32,37
39.91481,116.5512766,0,173.9,39900.2676851852,2009-03-28,06:25:28,37
39.9148449,116.5455599,0,147.6,39900.2681481481,2009-03-28,06:26:08,37
39.914935,116.5415732,0,160.8,39900.2685185185,2009-03-28,06:26:40,37
39.9150216,116.53939,0,164,39900.2691435185,2009-03-28,06:27:34,37
39.9150383,116.5367966,0,160.8,39900.2695138889,2009-03-28,06:28:06,37
39.9154716,116.5295849,0,180.4,39900.2700694444,2009-03-28,06:28:54,37
39.91558,116.52836,0,173.9,39900.270474537,2009-03-28,06:29:29,37
39.9156533,116.5272983,0,177.2,39900.2708796296,2009-03-28,06:30:04,37
39.9157016,116.5267733,0,177.2,39900.271724537,2009-03-28,06:31:17,37
39.9157916,116.5256416,0,183.7,39900.2721412037,2009-03-28,06:31:53,37
39.915985,116.52504,0,1391.1,39900.2729976852,2009-03-28,06:33:07,37
39.9161749,116.5235633,0,1371.4,39900.2734027778,2009-03-28,06:33:42,37
39.9162516,116.5227716,0,1351.7,39900.2740509259,2009-03-28,06:34:38,37
39.9161916,116.5215783,0,1345.1,39900.2744675926,2009-03-28,06:35:14,37
39.9161083,116.5206266,0,1338.6,39900.2752314815,2009-03-28,06:36:20,37
39.9161999,116.5172799,0,1328.7,39900.2756018518,2009-03-28,06:36:52,37
39.9159883,116.515875,0,1322.2,39900.2763078704,2009-03-28,06:37:53,37
39.9158249,116.5135383,0,1309.1,39900.2768634259,2009-03-28,06:38:41,37
39.9155116,116.5099616,0,1299.2,39900.2772916667,2009-03-28,06:39:18,37
39.915005,116.5065566,0,1227,39900.2776851852,2009-03-28,06:39:52,37
39.9149399,116.5036749,0,1128.6,39900.2780671296,2009-03-28,06:40:25,37
39.9146983,116.5012283,0,974.4,39900.2786342593,2009-03-28,06:41:14,37
39.9145716,116.4976549,0,895.7,39900.2790046296,2009-03-28,06:41:46,37
39.9145049,116.493665,0,777.6,39900.279375,2009-03-28,06:42:18,37
39.9145166,116.49103,0,620.1,39900.2797685185,2009-03-28,06:42:52,37
39.9145983,116.48822,0,616.8,39900.2804513889,2009-03-28,06:43:51,37
39.9146966,116.484015,0,570.9,39900.2808217593,2009-03-28,06:44:23,37
39.9196916,116.4840733,0,295.3,39900.2813425926,2009-03-28,06:45:08,37
39.926495,116.4839783,0,65.6,39900.2819907407,2009-03-28,06:46:04,37
39.9314866,116.4841183,0,98.4,39900.2825462963,2009-03-28,06:46:52,37
39.9319633,116.4841166,0,95.1,39900.2850462963,2009-03-28,06:50:28,37
39.9328649,116.4841099,0,72.2,39900.2872106481,2009-03-28,06:53:35,37
39.9357816,116.4840283,0,85.3,39900.2875810185,2009-03-28,06:54:07,37
39.9393016,116.484065,0,68.9,39900.2879513889,2009-03-28,06:54:39,37
39.9392633,116.4845533,0,85.3,39900.2884143519,2009-03-28,06:55:19,37
39.9403666,116.4839983,0,88.6,39900.2893055556,2009-03-28,06:56:36,37
39.9578566,116.4806833,0,124.7,39900.2906944444,2009-03-28,06:58:36,37
39.9731833,116.4585583,0,108.3,39900.2923611111,2009-03-28,07:01:00,37
39.9749816,116.4558399,0,121.4,39900.2927546296,2009-03-28,07:01:34,37
39.9864483,116.4362783,0,65.6,39900.2942361111,2009-03-28,07:03:42,37
39.98748,116.412315,0,141.1,39900.295625,2009-03-28,07:05:42,37
39.9872633,116.4038666,0,88.6,39900.2962731481,2009-03-28,07:06:38,37
39.9870816,116.3969166,0,101.7,39900.2969212963,2009-03-28,07:07:34,37
39.9870033,116.3949683,0,75.5,39900.2973611111,2009-03-28,07:08:12,37
39.9869216,116.3925933,0,72.2,39900.2977430556,2009-03-28,07:08:45,37
39.9868316,116.3906616,0,68.9,39900.2981365741,2009-03-28,07:09:19,37
39.9867116,116.3879433,0,75.5,39900.2985069444,2009-03-28,07:09:51,37
39.9866666,116.3848666,0,91.9,39900.2990162037,2009-03-28,07:10:35,37
39.986615,116.3825349,0,101.7,39900.2994097222,2009-03-28,07:11:09,37
39.98656,116.37982,0,105,39900.2997800926,2009-03-28,07:11:41,37
39.9864249,116.3761449,0,114.8,39900.300150463,2009-03-28,07:12:13,37
39.9861133,116.3665016,0,128,39900.3008912037,2009-03-28,07:13:17,37
39.9861049,116.3640833,0,150.9,39900.3012615741,2009-03-28,07:13:49,37
39.9860349,116.3622516,0,167.3,39900.3016319444,2009-03-28,07:14:21,37
39.9859583,116.3602899,0,183.7,39900.3020023148,2009-03-28,07:14:53,37
39.9858466,116.3575849,0,173.9,39900.3023726852,2009-03-28,07:15:25,37
39.9857649,116.3546433,0,177.2,39900.3027430556,2009-03-28,07:15:57,37
39.9856733,116.3508199,0,173.9,39900.3031134259,2009-03-28,07:16:29,37
39.9848633,116.32954,0,105,39900.3044907407,2009-03-28,07:18:28,37
39.9830349,116.3020233,0,141.1,39900.3072106481,2009-03-28,07:22:23,37
39.9812766,116.3019966,0,160.8,39900.3077430556,2009-03-28,07:23:09,37
39.9842966,116.2951216,0,88.6,39900.3584259259,2009-03-28,08:36:08,37
39.98422,116.29433,0,150.9,39900.358900463,2009-03-28,08:36:49,37
39.984915,116.2935566,0,177.2,39900.3593402778,2009-03-28,08:37:27,37
39.9861016,116.2936949,0,190.3,39900.3598611111,2009-03-28,08:38:12,37
39.9868699,116.2933199,0,190.3,39900.3602662037,2009-03-28,08:38:47,37
39.9876299,116.2933733,0,190.3,39900.3606712963,2009-03-28,08:39:22,37
39.9885933,116.2933599,0,180.4,39900.3611226852,2009-03-28,08:40:01,37
39.9898599,116.2927033,0,160.8,39900.3614930556,2009-03-28,08:40:33,37
39.9966516,116.2882766,0,147.6,39900.3622337963,2009-03-28,08:41:37,37
40.0146099,116.2808366,0,131.2,39900.3637152778,2009-03-28,08:43:45,37
40.0152516,116.2805449,0,114.8,39900.3641666667,2009-03-28,08:44:24,37
40.0157883,116.2800716,0,124.7,39900.3646180556,2009-03-28,08:45:03,37
40.0165733,116.2792683,0,144.4,39900.3649884259,2009-03-28,08:45:35,37
40.0173066,116.2788849,0,141.1,39900.3655208333,2009-03-28,08:46:21,37
40.0184949,116.2778166,0,150.9,39900.3659837963,2009-03-28,08:47:01,37
40.0192599,116.2771733,0,167.3,39900.3672222222,2009-03-28,08:48:48,37
40.0218533,116.2819199,0,170.6,39900.3677893518,2009-03-28,08:49:37,37
40.0231683,116.2908916,0,213.3,39900.3684375,2009-03-28,08:50:33,37
40.0235316,116.2931516,0,219.8,39900.3688425926,2009-03-28,08:51:08,37
40.0233166,116.2949033,0,236.2,39900.3692824074,2009-03-28,08:51:46,37
40.0218116,116.2954916,0,206.7,39900.3696990741,2009-03-28,08:52:22,37
40.0200483,116.2959066,0,193.6,39900.3832291667,2009-03-28,09:11:51,37
40.018905,116.296405,0,190.3,39900.3837268518,2009-03-28,09:12:34,37
40.0184649,116.2967816,0,187,39900.3842013889,2009-03-28,09:13:15,37
40.0197149,116.2969116,0,203.4,39900.3916898148,2009-03-28,09:24:02,37
40.0197183,116.2971333,0,203.4,39900.3926388889,2009-03-28,09:25:24,37
40.0197083,116.2971883,0,206.7,39900.3956134259,2009-03-28,09:29:41,37
40.0197416,116.2968983,0,200.1,39900.3985185185,2009-03-28,09:33:52,37
40.0197199,116.2968316,0,196.9,39900.4071527778,2009-03-28,09:46:18,37
40.0198216,116.2968633,0,196.9,39900.4085763889,2009-03-28,09:48:21,37
40.0197666,116.2963599,0,196.9,39900.4090625,2009-03-28,09:49:03,37
40.0204833,116.2960699,0,180.4,39900.4094328704,2009-03-28,09:49:35,37
40.0178666,116.2969499,0,187,39900.4098958333,2009-03-28,09:50:15,37
40.0154166,116.2979766,0,170.6,39900.4102662037,2009-03-28,09:50:47,37
40.0158366,116.3013583,0,164,39900.4106365741,2009-03-28,09:51:19,37
40.0163883,116.3050533,0,157.5,39900.4110069444,2009-03-28,09:51:51,37
40.016965,116.3085249,0,128,39900.4113773148,2009-03-28,09:52:23,37
40.0167399,116.3110433,0,193.6,39900.411875,2009-03-28,09:53:06,37
40.0159466,116.3106216,0,134.5,39900.4122569444,2009-03-28,09:53:39,37
40.0132883,116.3118933,0,150.9,39900.4127314815,2009-03-28,09:54:20,37
40.0114766,116.3120766,0,200.1,39900.413125,2009-03-28,09:54:54,37
40.0049066,116.3116599,0,196.9,39900.4137731481,2009-03-28,09:55:50,37
40.0038616,116.3090716,0,154.2,39900.4142013889,2009-03-28,09:56:27,37
40.0012249,116.3088883,0,187,39900.4145717593,2009-03-28,09:56:59,37
39.9979133,116.308925,0,206.7,39900.4150578704,2009-03-28,09:57:41,37
39.9976116,116.3089316,0,213.3,39900.4160069444,2009-03-28,09:59:03,37
39.9966433,116.3089866,0,216.5,39900.4166435185,2009-03-28,09:59:58,37
39.9957133,116.3090699,0,236.2,39900.4173148148,2009-03-28,10:00:56,37
39.9949666,116.3091599,0,301.8,39900.4184027778,2009-03-28,10:02:30,37
39.9946616,116.3091999,0,272.3,39900.418912037,2009-03-28,10:03:14,37
39.9942916,116.3092216,0,269,39900.4198958333,2009-03-28,10:04:39,37
39.99351,116.3092783,0,282.2,39900.4203125,2009-03-28,10:05:15,37
39.9930316,116.3093216,0,285.4,39900.4217708333,2009-03-28,10:07:21,37
39.9916799,116.3095833,0,278.9,39900.4221412037,2009-03-28,10:07:53,37
39.9898233,116.3100133,0,249.3,39900.4225694444,2009-03-28,10:08:30,37
39.988885,116.3099649,0,242.8,39900.4229976852,2009-03-28,10:09:07,37
39.9884249,116.3099416,0,242.8,39900.4238310185,2009-03-28,10:10:19,37
39.9880349,116.3099166,0,249.3,39900.426875,2009-03-28,10:14:42,37
39.9874766,116.309885,0,246.1,39900.4274884259,2009-03-28,10:15:35,37
39.9868883,116.3098366,0,249.3,39900.427974537,2009-03-28,10:16:17,37
39.9860849,116.3092099,0,249.3,39900.4283564815,2009-03-28,10:16:50,37
39.9854433,116.30875,0,236.2,39900.4287268519,2009-03-28,10:17:22,37
39.9852333,116.3094833,0,236.2,39900.4294444444,2009-03-28,10:18:24,37
39.9843566,116.3095299,0,216.5,39900.429849537,2009-03-28,10:18:59,37
39.9843499,116.3081466,0,177.2,39900.4302430556,2009-03-28,10:19:33,37
39.9843483,116.3061933,0,154.2,39900.4306134259,2009-03-28,10:20:05,37
39.9842349,116.3029366,0,147.6,39900.4309837963,2009-03-28,10:20:37,37
39.9812066,116.3022,0,219.8,39900.4317361111,2009-03-28,10:21:42,37
39.9798116,116.3083716,0,393.7,39900.6967013889,2009-03-28,16:43:15,37
39.9802733,116.308385,0,397,39900.6977893518,2009-03-28,16:44:49,37
39.9802299,116.3087433,0,397,39900.6999189815,2009-03-28,16:47:53,37
39.9802983,116.3084099,0,397,39900.7008101852,2009-03-28,16:49:10,37
39.98007,116.3086166,0,439.6,39900.7391319444,2009-03-28,17:44:21,37
39.9800433,116.3084783,0,502,39900.7406018519,2009-03-28,17:46:28,37
39.98084,116.3075766,0,502,39900.7413194444,2009-03-28,17:47:30,37
39.982355,116.3075966,0,492.1,39900.7419097222,2009-03-28,17:48:21,37
39.9838016,116.3090866,0,472.4,39900.7424305556,2009-03-28,17:49:06,37
39.9843099,116.3079499,0,377.3,39900.7428009259,2009-03-28,17:49:38,37
39.9842649,116.3000933,0,236.2,39900.7433564815,2009-03-28,17:50:26,37
39.9872966,116.2991066,0,219.8,39900.7437268518,2009-03-28,17:50:58,37
39.9919583,116.29843,0,206.7,39900.7443287037,2009-03-28,17:51:50,37
39.995765,116.2904166,0,213.3,39900.7452546296,2009-03-28,17:53:10,37
39.9956266,116.2884583,0,193.6,39900.7457986111,2009-03-28,17:53:57,37
39.99533,116.2845183,0,196.9,39900.7461689815,2009-03-28,17:54:29,37
39.9933366,116.275825,0,193.6,39900.7470023148,2009-03-28,17:55:41,37
39.9953733,116.2815683,0,187,39900.747650463,2009-03-28,17:56:37,37
39.9955183,116.2883866,0,183.7,39900.7489930556,2009-03-28,17:58:33,37
39.9967649,116.2859716,0,180.4,39900.7493634259,2009-03-28,17:59:05,37
39.9983499,116.2833583,0,177.2,39900.7497337963,2009-03-28,17:59:37,37
40.0007783,116.2818116,0,193.6,39900.7502777778,2009-03-28,18:00:24,37
40.0005166,116.2775549,0,187,39900.7506481481,2009-03-28,18:00:56,37
40.0007149,116.2747116,0,154.2,39900.7511111111,2009-03-28,18:01:36,37
40.0013899,116.2718049,0,160.8,39900.7514814815,2009-03-28,18:02:08,37
40.0015566,116.268995,0,167.3,39900.7518634259,2009-03-28,18:02:41,37
40.0013399,116.2714416,0,200.1,39900.7522337963,2009-03-28,18:03:13,37
40.0005233,116.27551,0,229.7,39900.7526041667,2009-03-28,18:03:45,37
40.0017,116.2827016,0,167.3,39900.7537152778,2009-03-28,18:05:21,37
40.0114433,116.2809483,0,229.7,39900.7549074074,2009-03-28,18:07:04,37
40.0148666,116.280815,0,219.8,39900.7553703704,2009-03-28,18:07:44,37
40.0171116,116.2790616,0,219.8,39900.7557407407,2009-03-28,18:08:16,37
40.019825,116.2766583,0,219.8,39900.7561111111,2009-03-28,18:08:48,37
40.0212383,116.2800349,0,223.1,39900.7564814815,2009-03-28,18:09:20,37
40.0227066,116.2869333,0,196.9,39900.7571296296,2009-03-28,18:10:16,37
40.0231683,116.290295,0,193.6,39900.7575810185,2009-03-28,18:10:55,37
40.0279916,116.2898649,0,226.4,39900.7581365741,2009-03-28,18:11:43,37
40.0327816,116.28799,0,203.4,39900.7590277778,2009-03-28,18:13:00,37
40.0327283,116.2839716,0,187,39900.7593981481,2009-03-28,18:13:32,37
40.0330066,116.2817183,0,190.3,39900.7597685185,2009-03-28,18:14:04,37
40.0329666,116.2837199,0,203.4,39900.7601388889,2009-03-28,18:14:36,37
40.0329783,116.2850516,0,200.1,39900.7606481481,2009-03-28,18:15:20,37
40.0330116,116.2854183,0,200.1,39900.7683217593,2009-03-28,18:26:23,37
40.0343816,116.2861916,0,213.3,39900.7686921296,2009-03-28,18:26:55,37
40.0376983,116.2856049,0,232.9,39900.7690625,2009-03-28,18:27:27,37
40.0403466,116.2849849,0,239.5,39900.7694328704,2009-03-28,18:27:59,37
40.04111,116.2831449,0,229.7,39900.7698032407,2009-03-28,18:28:31,37
40.0407949,116.2821399,0,213.3,39900.7702314815,2009-03-28,18:29:08,37
40.0407866,116.2820733,0,216.5,39900.786099537,2009-03-28,18:51:59,37
40.0405983,116.2815833,0,216.5,39900.8174537037,2009-03-28,19:37:08,37
40.0408166,116.2824766,0,216.5,39900.8180092593,2009-03-28,19:37:56,37
40.0409566,116.2834216,0,216.5,39900.8331481481,2009-03-28,19:59:44,37
40.0404999,116.2849416,0,213.3,39900.8335416667,2009-03-28,20:00:18,37
40.0326533,116.2867749,0,216.5,39900.8342824074,2009-03-28,20:01:22,37
40.0297716,116.2895049,0,206.7,39900.8347453704,2009-03-28,20:02:02,37
40.0231966,116.2906166,0,232.9,39900.8353935185,2009-03-28,20:02:58,37
40.022745,116.2868283,0,160.8,39900.8357638889,2009-03-28,20:03:30,37
40.0222249,116.2828533,0,137.8,39900.8361342593,2009-03-28,20:04:02,37
40.0201,116.2775333,0,180.4,39900.8367824074,2009-03-28,20:04:58,37
40.0211966,116.2799366,0,210,39900.8371527778,2009-03-28,20:05:30,37
40.0225566,116.2863799,0,177.2,39900.8377083333,2009-03-28,20:06:18,37
40.0226283,116.2872433,0,187,39900.8383912037,2009-03-28,20:07:17,37
40.0226666,116.2873083,0,187,39900.840162037,2009-03-28,20:09:50,37
40.0231249,116.2902966,0,187,39900.8405324074,2009-03-28,20:10:22,37
40.0247233,116.2906666,0,190.3,39900.8411921296,2009-03-28,20:11:19,37
40.0291999,116.2896466,0,196.9,39900.8416550926,2009-03-28,20:11:59,37
40.0326316,116.2833383,0,141.1,39900.8424421296,2009-03-28,20:13:07,37
40.0312566,116.2669949,0,134.5,39900.843599537,2009-03-28,20:14:47,37
40.0371533,116.2610533,0,190.3,39900.8443634259,2009-03-28,20:15:53,37
40.0431533,116.25284,0,187,39900.8455671296,2009-03-28,20:17:37,37
40.0440749,116.2525766,0,193.6,39900.8461342593,2009-03-28,20:18:26,37
40.0606283,116.2442099,0,154.2,39900.8475231482,2009-03-28,20:20:26,37
40.0664233,116.241465,0,141.1,39900.8481712963,2009-03-28,20:21:22,37
40.0671116,116.2433116,0,164,39900.8486458333,2009-03-28,20:22:03,37
40.0693283,116.23984,0,173.9,39900.8491087963,2009-03-28,20:22:43,37
40.0730049,116.240635,0,164,39900.8496643519,2009-03-28,20:23:31,37
40.0735783,116.2427233,0,183.7,39900.8500925926,2009-03-28,20:24:08,37
40.0728966,116.2415633,0,193.6,39900.8505439815,2009-03-28,20:24:47,37
40.0724199,116.2415833,0,203.4,39900.8902199074,2009-03-28,21:21:55,37
40.0739166,116.2434333,0,193.6,39900.8906018519,2009-03-28,21:22:28,37
40.0731333,116.2403933,0,183.7,39900.8910648148,2009-03-28,21:23:08,37
40.0717133,116.2356833,0,177.2,39900.8915277778,2009-03-28,21:23:48,37
40.0702949,116.2311016,0,164,39900.8918981481,2009-03-28,21:24:20,37
40.0714799,116.2376216,0,167.3,39900.8925462963,2009-03-28,21:25:16,37
40.06601,116.2407949,0,190.3,39900.893287037,2009-03-28,21:26:20,37
40.0517566,116.249095,0,187,39900.8944907407,2009-03-28,21:28:04,37
40.0462383,116.2523916,0,187,39900.895162037,2009-03-28,21:29:02,37
40.0472583,116.2614849,0,226.4,39900.8959259259,2009-03-28,21:30:08,37
40.0493799,116.2744416,0,216.5,39900.8968518519,2009-03-28,21:31:28,37
40.0457749,116.2797249,0,187,39900.8975925926,2009-03-28,21:32:32,37
40.0431749,116.2802516,0,173.9,39900.8980439815,2009-03-28,21:33:11,37
40.0403766,116.2809166,0,167.3,39900.8984143519,2009-03-28,21:33:43,37
40.0394483,116.2810216,0,180.4,39900.8988425926,2009-03-28,21:34:20,37
40.0390816,116.2798933,0,200.1,39900.8993055556,2009-03-28,21:35:00,37
40.0393199,116.2801166,0,203.4,39900.8998842593,2009-03-28,21:35:50,37
40.0388016,116.2804549,0,200.1,39900.9004282407,2009-03-28,21:36:37,37
40.0390216,116.2803849,0,200.1,39900.9032175926,2009-03-28,21:40:38,37
40.039305,116.2803233,0,203.4,39900.9121180556,2009-03-28,21:53:27,37
40.0391949,116.2805416,0,203.4,39900.9125462963,2009-03-28,21:54:04,37
40.0402999,116.28094,0,196.9,39900.9129861111,2009-03-28,21:54:42,37
40.0412933,116.2808133,0,200.1,39900.9185532407,2009-03-28,22:02:43,37
40.0424133,116.2803999,0,193.6,39900.9189814815,2009-03-28,22:03:20,37
40.0440499,116.27998,0,190.3,39900.9193518519,2009-03-28,22:03:52,37
40.0451533,116.2798016,0,177.2,39900.9223958333,2009-03-28,22:08:15,37
40.0461433,116.2796749,0,180.4,39900.9227777778,2009-03-28,22:08:48,37
40.0481899,116.2792266,0,190.3,39900.9231481481,2009-03-28,22:09:20,37
40.0473649,116.2793366,0,187,39900.9465972222,2009-03-28,22:43:06,37
40.0466516,116.2794816,0,180.4,39900.9470138889,2009-03-28,22:43:42,37
40.0459483,116.2796066,0,173.9,39900.9474305556,2009-03-28,22:44:18,37
40.0451066,116.279945,0,173.9,39900.9513541667,2009-03-28,22:49:57,37
40.0429316,116.2803016,0,183.7,39900.9517361111,2009-03-28,22:50:30,37
40.0412233,116.2806683,0,187,39900.9523611111,2009-03-28,22:51:24,37
40.0406533,116.2809516,0,187,39900.9540393518,2009-03-28,22:53:49,37
40.0408899,116.2824016,0,187,39900.9544791667,2009-03-28,22:54:27,37
40.0413416,116.2854416,0,200.1,39900.954849537,2009-03-28,22:54:59,37
40.0408899,116.2906333,0,187,39900.9554050926,2009-03-28,22:55:47,37
40.0395516,116.2921316,0,190.3,39900.955787037,2009-03-28,22:56:20,37
40.0393066,116.2922583,0,183.7,39901.0051157407,2009-03-29,00:07:22,37
40.0392466,116.2920899,0,187,39901.0058101852,2009-03-29,00:08:22,37
40.0391566,116.2920733,0,187,39901.006412037,2009-03-29,00:09:14,37
40.0391433,116.2920783,0,190.3,39901.007037037,2009-03-29,00:10:08,37
40.0391966,116.2921849,0,190.3,39901.0076736111,2009-03-29,00:11:03,37
40.0380383,116.2908449,0,180.4,39901.0201273148,2009-03-29,00:28:59,37
40.0364099,116.2909416,0,173.9,39901.0205092593,2009-03-29,00:29:32,37
40.0348516,116.2914899,0,173.9,39901.0208912037,2009-03-29,00:30:05,37
40.0336716,116.2918833,0,177.2,39901.0212615741,2009-03-29,00:30:37,37
40.0327983,116.2911249,0,187,39901.0216550926,2009-03-29,00:31:11,37
40.0302066,116.2893466,0,167.3,39901.0221180556,2009-03-29,00:31:51,37
40.0253299,116.2904999,0,206.7,39901.0225810185,2009-03-29,00:32:31,37
40.0233499,116.2919666,0,203.4,39901.0232175926,2009-03-29,00:33:26,37
40.0236949,116.2948533,0,210,39901.023599537,2009-03-29,00:33:59,37
40.0153499,116.2982099,0,167.3,39901.0243402778,2009-03-29,00:35:03,37
40.0163416,116.3047266,0,118.1,39901.0248958333,2009-03-29,00:35:51,37
40.0170433,116.31114,0,111.5,39901.0254513889,2009-03-29,00:36:39,37
40.0166499,116.3100649,0,147.6,39901.0258217593,2009-03-29,00:37:11,37
40.0139866,116.3118299,0,141.1,39901.0262037037,2009-03-29,00:37:44,37
40.0118716,116.3195783,0,154.2,39901.0270717593,2009-03-29,00:38:59,37
40.0120583,116.3207566,0,144.4,39901.0275810185,2009-03-29,00:39:43,37
40.0120083,116.3244566,0,193.6,39901.0279513889,2009-03-29,00:40:15,37
40.0098716,116.3273883,0,200.1,39901.0283333333,2009-03-29,00:40:48,37
40.0042949,116.33078,0,183.7,39901.028912037,2009-03-29,00:41:38,37
39.99794,116.3311199,0,190.3,39901.030775463,2009-03-29,00:44:19,37
39.9960649,116.3311983,0,193.6,39901.0311458333,2009-03-29,00:44:51,37
39.9920083,116.3309333,0,193.6,39901.0316087963,2009-03-29,00:45:31,37
39.9915716,116.3320966,0,200.1,39901.0328125,2009-03-29,00:47:15,37
39.9917649,116.3340783,0,193.6,39901.0332291667,2009-03-29,00:47:51,37
39.9892849,116.3339966,0,219.8,39901.0337152778,2009-03-29,00:48:33,37
39.9856966,116.3344933,0,232.9,39901.0340856481,2009-03-29,00:49:05,37
39.984775,116.3366066,0,196.9,39901.0344560185,2009-03-29,00:49:37,37
39.98514,116.3390766,0,190.3,39901.034837963,2009-03-29,00:50:10,37
39.9861583,116.3718433,0,187,39901.0365046296,2009-03-29,00:52:34,37
39.983925,116.3871099,0,144.4,39901.0376157407,2009-03-29,00:54:10,37
39.9756683,116.3872233,0,141.1,39901.0386111111,2009-03-29,00:55:36,37
39.9754616,116.38286,0,118.1,39901.039212963,2009-03-29,00:56:28,37
39.9737366,116.3878683,0,137.8,39901.0397685185,2009-03-29,00:57:16,37
39.9716983,116.3866816,0,134.5,39901.0401388889,2009-03-29,00:57:48,37
39.9717266,116.3841649,0,121.4,39901.0405324074,2009-03-29,00:58:22,37
39.9716333,116.3829633,0,147.6,39901.0413078704,2009-03-29,00:59:29,37
39.9715933,116.3820366,0,154.2,39901.0472800926,2009-03-29,01:08:05,37
39.9716416,116.3820566,0,150.9,39901.050775463,2009-03-29,01:13:07,37
39.9715449,116.3821116,0,150.9,39901.0583449074,2009-03-29,01:24:01,37
39.971435,116.3821566,0,150.9,39901.0608449074,2009-03-29,01:27:37,37
39.9716716,116.382125,0,150.9,39901.0619675926,2009-03-29,01:29:14,37
39.97162,116.3821166,0,150.9,39901.0626736111,2009-03-29,01:30:15,37
39.9701616,116.3817999,0,150.9,39901.0631828704,2009-03-29,01:30:59,37
39.967275,116.3790649,0,141.1,39901.0636921296,2009-03-29,01:31:43,37
39.9669766,116.3747549,0,190.3,39901.0640625,2009-03-29,01:32:15,37
39.9666433,116.363655,0,219.8,39901.0648032407,2009-03-29,01:33:19,37
39.9666399,116.3516399,0,223.1,39901.0656365741,2009-03-29,01:34:31,37
39.9664949,116.3456949,0,190.3,39901.066099537,2009-03-29,01:35:11,37
39.9665133,116.3423333,0,200.1,39901.0664699074,2009-03-29,01:35:43,37
39.9665433,116.3383283,0,210,39901.0668402778,2009-03-29,01:36:15,37
39.9667016,116.33424,0,193.6,39901.0686226852,2009-03-29,01:38:49,37
39.9665316,116.3334733,0,193.6,39901.0693865741,2009-03-29,01:39:55,37
39.9665116,116.331115,0,193.6,39901.07,2009-03-29,01:40:48,37
39.966505,116.3292816,0,200.1,39901.0704166667,2009-03-29,01:41:24,37
39.9665266,116.32682,0,193.6,39901.070787037,2009-03-29,01:41:56,37
39.96656,116.3239883,0,164,39901.0711574074,2009-03-29,01:42:28,37
39.96656,116.3207499,0,134.5,39901.0715277778,2009-03-29,01:43:00,37
39.9662599,116.3173866,0,160.8,39901.0718981481,2009-03-29,01:43:32,37
39.9664966,116.3179833,0,134.5,39901.0722800926,2009-03-29,01:44:05,37
39.9662683,116.3215966,0,111.5,39901.072650463,2009-03-29,01:44:37,37
39.966115,116.3254166,0,167.3,39901.0730208333,2009-03-29,01:45:09,37
39.9700683,116.32769,0,144.4,39901.0750462963,2009-03-29,01:48:04,37
39.9728283,116.3275199,0,157.5,39901.0754166667,2009-03-29,01:48:36,37
39.9727033,116.329125,0,180.4,39901.075787037,2009-03-29,01:49:08,37
39.9723833,116.3304666,0,187,39901.0761805556,2009-03-29,01:49:42,37
39.970285,116.3306416,0,187,39901.0765740741,2009-03-29,01:50:16,37
39.9693283,116.3319616,0,173.9,39901.0769444444,2009-03-29,01:50:48,37
39.9692883,116.3320083,0,180.4,39901.0780439815,2009-03-29,01:52:23,37
39.9696349,116.3327033,0,177.2,39901.0785300926,2009-03-29,01:53:05,37
39.9701416,116.3325766,0,193.6,39901.0790046296,2009-03-29,01:53:46,37
39.970305,116.3325233,0,200.1,39901.0797569444,2009-03-29,01:54:51,37
39.969446,116.420505,0,0,39900.0396412037,2009-03-28,00:57:05,68
39.969558,116.421767,0,0,39900.0400115741,2009-03-28,00:57:37,68
39.96908,116.421624,0,0,39900.0403819444,2009-03-28,00:58:09,68
39.968847,116.421904,0,0,39900.0407523148,2009-03-28,00:58:41,68
39.968825,116.422869,0,0,39900.0411226852,2009-03-28,00:59:13,68
39.968786,116.424239,0,0,39900.0414930556,2009-03-28,00:59:45,68
39.968695,116.425493,0,0,39900.0418634259,2009-03-28,01:00:17,68
39.968692,116.426542,0,0,39900.0422337963,2009-03-28,01:00:49,68
39.968656,116.427629,0,0,39900.0426041667,2009-03-28,01:01:21,68
39.968519,116.42892,0,0,39900.042974537,2009-03-28,01:01:53,68
39.968184,116.430165,0,0,39900.0433449074,2009-03-28,01:02:25,68
39.968526,116.430717,0,0,39900.0437152778,2009-03-28,01:02:57,68
39.96688,116.433245,0,0,39900.0615046296,2009-03-28,01:28:34,68
39.966601,116.433358,0,0,39900.0618865741,2009-03-28,01:29:07,68
39.967475,116.431537,0,0,39900.0622569444,2009-03-28,01:29:39,68
39.968429,116.427428,0,0,39900.0626273148,2009-03-28,01:30:11,68
39.968321,116.423075,0,0,39900.0629976852,2009-03-28,01:30:43,68
39.968241,116.419585,0,0,39900.0633680556,2009-03-28,01:31:15,68
39.96809,116.418968,0,0,39900.0637384259,2009-03-28,01:31:47,68
39.968027,116.416524,0,0,39900.0641087963,2009-03-28,01:32:19,68
39.968062,116.416157,0,0,39900.0644791667,2009-03-28,01:32:51,68
39.968014,116.414175,0,0,39900.064849537,2009-03-28,01:33:23,68
39.968124,116.411494,0,0,39900.066400463,2009-03-28,01:35:37,68
39.96803,116.410305,0,0,39900.0667708333,2009-03-28,01:36:09,68
39.967981,116.409844,0,0,39900.0671412037,2009-03-28,01:36:41,68
39.967672,116.409378,0,0,39900.0675115741,2009-03-28,01:37:13,68
39.967547,116.405866,0,0,39900.0678819444,2009-03-28,01:37:45,68
39.967809,116.40546,0,0,39900.0682523148,2009-03-28,01:38:17,68
39.967616,116.402933,0,0,39900.0686226852,2009-03-28,01:38:49,68
39.967569,116.398449,0,0,39900.0689930556,2009-03-28,01:39:21,68
39.967653,116.394992,0,0,39900.0693634259,2009-03-28,01:39:53,68
39.967626,116.39462,0,0,39900.0697337963,2009-03-28,01:40:25,68
39.967425,116.39291,0,0,39900.0701041667,2009-03-28,01:40:57,68
39.967206,116.389108,0,0,39900.070474537,2009-03-28,01:41:29,68
39.967221,116.384727,0,0,39900.0708449074,2009-03-28,01:42:01,68
39.967177,116.384448,0,0,39900.0712152778,2009-03-28,01:42:33,68
39.967175,116.383932,0,0,39900.0715856481,2009-03-28,01:43:05,68
39.967027,116.382182,0,0,39900.0719560185,2009-03-28,01:43:37,68
39.967016,116.377498,0,0,39900.0723263889,2009-03-28,01:44:09,68
39.967026,116.376379,0,0,39900.0726967593,2009-03-28,01:44:41,68
39.966795,116.372592,0,0,39900.0730671296,2009-03-28,01:45:13,68
39.966898,116.367988,0,0,39900.0734375,2009-03-28,01:45:45,68
39.966661,116.364457,0,0,39900.0738078704,2009-03-28,01:46:17,68
39.96663,116.360186,0,0,39900.0741782407,2009-03-28,01:46:49,68
39.966601,116.358917,0,0,39900.0745486111,2009-03-28,01:47:21,68
39.966487,116.355797,0,0,39900.0749189815,2009-03-28,01:47:53,68
39.966477,116.351879,0,0,39900.0752893519,2009-03-28,01:48:25,68
39.966434,116.348064,0,0,39900.0756597222,2009-03-28,01:48:57,68
39.966562,116.34385,0,0,39900.0760300926,2009-03-28,01:49:29,68
39.966589,116.342569,0,0,39900.076400463,2009-03-28,01:50:01,68
39.966563,116.340216,0,0,39900.0767708333,2009-03-28,01:50:33,68
39.966555,116.335578,0,0,39900.0771412037,2009-03-28,01:51:05,68
39.966586,116.332025,0,0,39900.0775115741,2009-03-28,01:51:37,68
39.966644,116.33156,0,0,39900.0778819444,2009-03-28,01:52:09,68
39.966417,116.330679,0,0,39900.0782523148,2009-03-28,01:52:41,68
39.966395,116.329189,0,0,39900.0786226852,2009-03-28,01:53:13,68
39.966433,116.329016,0,0,39900.0789930556,2009-03-28,01:53:45,68
39.966388,116.327186,0,0,39900.0793634259,2009-03-28,01:54:17,68
39.966129,116.326482,0,0,39900.0797337963,2009-03-28,01:54:49,68
39.966437,116.325967,0,0,39900.0801041667,2009-03-28,01:55:21,68
39.966393,116.322029,0,0,39900.080474537,2009-03-28,01:55:53,68
39.965915,116.318892,0,0,39900.0808449074,2009-03-28,01:56:25,68
39.966059,116.316596,0,0,39900.0812152778,2009-03-28,01:56:57,68
39.966022,116.316139,0,0,39900.0815856481,2009-03-28,01:57:29,68
39.967032,116.314746,0,0,39900.0819560185,2009-03-28,01:58:01,68
39.967958,116.314411,0,0,39900.0823263889,2009-03-28,01:58:33,68
39.970122,116.313407,0,0,39900.0826967593,2009-03-28,01:59:05,68
39.970661,116.312929,0,0,39900.0830671296,2009-03-28,01:59:37,68
39.973068,116.312244,0,0,39900.0834375,2009-03-28,02:00:09,68
39.973371,116.3121,0,0,39900.0838078704,2009-03-28,02:00:41,68
39.975445,116.311388,0,0,39900.0841782407,2009-03-28,02:01:13,68
39.975806,116.311206,0,0,39900.0845486111,2009-03-28,02:01:45,68
39.976062,116.310962,0,0,39900.0849189815,2009-03-28,02:02:17,68
39.976782,116.310792,0,0,39900.0852893519,2009-03-28,02:02:49,68
39.978813,116.310148,0,0,39900.0856597222,2009-03-28,02:03:21,68
39.979255,116.310262,0,0,39900.0860300926,2009-03-28,02:03:53,68
39.981511,116.310241,0,0,39900.086400463,2009-03-28,02:04:25,68
39.982139,116.309641,0,0,39900.0867708333,2009-03-28,02:04:57,68
39.98143,116.309748,0,0,39900.0871412037,2009-03-28,02:05:29,68
39.98071,116.310023,0,0,39900.0875115741,2009-03-28,02:06:01,68
39.980825,116.30971,0,0,39900.0878819444,2009-03-28,02:06:33,68
39.980663,116.309172,0,0,39900.0882523148,2009-03-28,02:07:05,68
39.980785,116.308922,0,0,39900.0886226852,2009-03-28,02:07:37,68
39.979934,116.310066,0,0,39900.2423726852,2009-03-28,05:49:01,68
39.979365,116.310083,0,0,39900.2427430556,2009-03-28,05:49:33,68
39.977265,116.310358,0,0,39900.2431134259,2009-03-28,05:50:05,68
39.97685,116.310527,0,0,39900.2434837963,2009-03-28,05:50:37,68
39.976443,116.310702,0,0,39900.2438541667,2009-03-28,05:51:09,68
39.975658,116.310903,0,0,39900.244224537,2009-03-28,05:51:41,68
39.973627,116.311816,0,0,39900.2461458333,2009-03-28,05:54:27,68
39.97215,116.312369,0,0,39900.2465162037,2009-03-28,05:54:59,68
39.971759,116.312559,0,0,39900.2468865741,2009-03-28,05:55:31,68
39.970195,116.31308,0,0,39900.2472569444,2009-03-28,05:56:03,68
39.969458,116.31337,0,0,39900.2476273148,2009-03-28,05:56:35,68
39.969434,116.313532,0,0,39900.2479976852,2009-03-28,05:57:07,68
39.969043,116.313738,0,0,39900.2483680556,2009-03-28,05:57:39,68
39.967184,116.314404,0,0,39900.2487384259,2009-03-28,05:58:11,68
39.96554,116.315709,0,0,39900.2491087963,2009-03-28,05:58:43,68
39.965605,116.31762,0,0,39900.2494791667,2009-03-28,05:59:15,68
39.965753,116.319036,0,0,39900.249849537,2009-03-28,05:59:47,68
39.965998,116.322609,0,0,39900.2502199074,2009-03-28,06:00:19,68
39.966184,116.327835,0,0,39900.2505902778,2009-03-28,06:00:51,68
39.966176,116.332838,0,0,39900.2509606481,2009-03-28,06:01:23,68
39.966271,116.338021,0,0,39900.2513310185,2009-03-28,06:01:55,68
39.966262,116.342575,0,0,39900.2517013889,2009-03-28,06:02:27,68
39.966288,116.344335,0,0,39900.2520717593,2009-03-28,06:02:59,68
39.966253,116.349025,0,0,39900.2524421296,2009-03-28,06:03:31,68
39.966209,116.353743,0,0,39900.2528125,2009-03-28,06:04:03,68
39.966194,116.358273,0,0,39900.2531828704,2009-03-28,06:04:35,68
39.966171,116.361217,0,0,39900.2535532407,2009-03-28,06:05:07,68
39.966257,116.362664,0,0,39900.2539236111,2009-03-28,06:05:39,68
39.966427,116.366728,0,0,39900.2553125,2009-03-28,06:07:39,68
39.966831,116.371758,0,0,39900.2556828704,2009-03-28,06:08:11,68
39.966727,116.376753,0,0,39900.2560532407,2009-03-28,06:08:43,68
39.966728,116.377691,0,0,39900.2564236111,2009-03-28,06:09:15,68
39.966872,116.380387,0,0,39900.2567939815,2009-03-28,06:09:47,68
39.966845,116.383921,0,0,39900.2571643519,2009-03-28,06:10:19,68
39.966988,116.385642,0,0,39900.2575347222,2009-03-28,06:10:51,68
39.967111,116.388746,0,0,39900.2579050926,2009-03-28,06:11:23,68
39.967219,116.391327,0,0,39900.258275463,2009-03-28,06:11:55,68
39.967145,116.393859,0,0,39900.2586458333,2009-03-28,06:12:27,68
39.967082,116.39433,0,0,39900.2590162037,2009-03-28,06:12:59,68
39.967093,116.394607,0,0,39900.2593865741,2009-03-28,06:13:31,68
39.967321,116.397729,0,0,39900.2597569444,2009-03-28,06:14:03,68
39.967459,116.401432,0,0,39900.2601273148,2009-03-28,06:14:35,68
39.967593,116.406498,0,0,39900.2604976852,2009-03-28,06:15:07,68
39.967589,116.41021,0,0,39900.2608680556,2009-03-28,06:15:39,68
39.967587,116.410527,0,0,39900.2612384259,2009-03-28,06:16:11,68
39.96762,116.41156,0,0,39900.2616087963,2009-03-28,06:16:43,68
39.967605,116.413368,0,0,39900.2619791667,2009-03-28,06:17:15,68
39.967662,116.41394,0,0,39900.262349537,2009-03-28,06:17:47,68
39.967706,116.416404,0,0,39900.2627199074,2009-03-28,06:18:19,68
39.967725,116.417447,0,0,39900.2630902778,2009-03-28,06:18:51,68
39.967799,116.419456,0,0,39900.2634606481,2009-03-28,06:19:23,68
39.967785,116.421903,0,0,39900.2638310185,2009-03-28,06:19:55,68
39.968113,116.42633,0,0,39900.2642013889,2009-03-28,06:20:27,68
39.967837,116.430003,0,0,39900.2645717593,2009-03-28,06:20:59,68
39.966383,116.432605,0,0,39900.2649421296,2009-03-28,06:21:31,68
39.966273,116.432584,0,0,39900.2653125,2009-03-28,06:22:03,68
39.966445,116.432114,0,0,39900.2656828704,2009-03-28,06:22:35,68
39.966892,116.432002,0,0,39900.2660532407,2009-03-28,06:23:07,68
39.967088,116.432342,0,0,39900.2664236111,2009-03-28,06:23:39,68
39.967027,116.432613,0,0,39900.2667939815,2009-03-28,06:24:11,68
39.966834,116.433011,0,0,39900.2671643518,2009-03-28,06:24:43,68
39.966593,116.433387,0,0,39900.2675347222,2009-03-28,06:25:15,68
39.966757,116.433794,0,0,39900.2679050926,2009-03-28,06:25:47,68
39.967051,116.43415,0,0,39900.268275463,2009-03-28,06:26:19,68
39.967182,116.434139,0,0,39900.2686458333,2009-03-28,06:26:51,68
39.967298,116.433931,0,0,39900.2690162037,2009-03-28,06:27:23,68
39.967268,116.433221,0,0,39900.2693865741,2009-03-28,06:27:55,68
39.96709,116.432485,0,0,39900.2697569444,2009-03-28,06:28:27,68
39.967687,116.431366,0,0,39900.2701273148,2009-03-28,06:28:59,68
39.9682,116.430204,0,0,39900.2704976852,2009-03-28,06:29:31,68
39.968597,116.429007,0,0,39900.2708680556,2009-03-28,06:30:03,68
39.968723,116.427494,0,0,39900.2712384259,2009-03-28,06:30:35,68
39.968541,116.42647,0,0,39900.2716087963,2009-03-28,06:31:07,68
39.96833,116.424676,0,0,39900.2719791667,2009-03-28,06:31:39,68
39.968353,116.423491,0,0,39900.272349537,2009-03-28,06:32:11,68
39.968402,116.422751,0,0,39900.2727199074,2009-03-28,06:32:43,68
39.968512,116.421347,0,0,39900.2730902778,2009-03-28,06:33:15,68
39.96906,116.422078,0,0,39900.2734606481,2009-03-28,06:33:47,68
39.969246,116.421317,0,0,39900.2738310185,2009-03-28,06:34:19,68
39.969204,116.419903,0,0,39900.2742013889,2009-03-28,06:34:51,68
39.96927,116.419871,0,0,39900.2811111111,2009-03-28,06:44:48,68
39.970095,116.419848,0,0,39900.2814814815,2009-03-28,06:45:20,68
39.97028,116.418927,0,0,39900.2818518518,2009-03-28,06:45:52,68
39.971028,116.418586,0,0,39900.2822222222,2009-03-28,06:46:24,68
39.972057,116.418555,0,0,39900.2825925926,2009-03-28,06:46:56,68
39.973084,116.418483,0,0,39900.282962963,2009-03-28,06:47:28,68
39.974121,116.418503,0,0,39900.2833333333,2009-03-28,06:48:00,68
39.975169,116.41846,0,0,39900.2837037037,2009-03-28,06:48:32,68
39.976351,116.418384,0,0,39900.2840740741,2009-03-28,06:49:04,68
39.977438,116.418263,0,0,39900.2844444444,2009-03-28,06:49:36,68
39.978518,116.418144,0,0,39900.2848148148,2009-03-28,06:50:08,68
39.979594,116.418156,0,0,39900.2851851852,2009-03-28,06:50:40,68
39.980699,116.418051,0,0,39900.2855555556,2009-03-28,06:51:12,68
39.981841,116.418132,0,0,39900.2859259259,2009-03-28,06:51:44,68
39.982906,116.417935,0,0,39900.2862962963,2009-03-28,06:52:16,68
39.983969,116.417908,0,0,39900.2866666667,2009-03-28,06:52:48,68
39.98499,116.417965,0,0,39900.287037037,2009-03-28,06:53:20,68
39.986099,116.41793,0,0,39900.2874074074,2009-03-28,06:53:52,68
39.987152,116.417877,0,0,39900.2877777778,2009-03-28,06:54:24,68
39.987894,116.41795,0,0,39900.2881481481,2009-03-28,06:54:56,68
39.988813,116.417845,0,0,39900.2885185185,2009-03-28,06:55:28,68
39.989944,116.417881,0,0,39900.2888888889,2009-03-28,06:56:00,68
39.991051,116.417772,0,0,39900.2892592593,2009-03-28,06:56:32,68
39.992104,116.417921,0,0,39900.2896296296,2009-03-28,06:57:04,68
39.992421,116.417953,0,0,39900.29,2009-03-28,06:57:36,68
39.993316,116.41766,0,0,39900.2903703704,2009-03-28,06:58:08,68
39.994282,116.417958,0,0,39900.2907407407,2009-03-28,06:58:40,68
39.995271,116.418079,0,0,39900.2911111111,2009-03-28,06:59:12,68
39.996035,116.417867,0,0,39900.2914814815,2009-03-28,06:59:44,68
39.996124,116.417383,0,0,39900.2918518518,2009-03-28,07:00:16,68
39.996383,116.417271,0,0,39900.2922222222,2009-03-28,07:00:48,68
39.996452,116.417209,0,0,39900.2925925926,2009-03-28,07:01:20,68
40.052236,116.402846,0,76,39900.3060300926,2009-03-28,07:20:41,82
40.051847,116.403588,0,122,39900.3068865741,2009-03-28,07:21:55,82
40.052198,116.404277,0,255,39900.3076041667,2009-03-28,07:22:57,82
40.052154,116.404582,0,289,39900.3082407407,2009-03-28,07:23:52,82
40.051408,116.404646,0,305,39900.3087268519,2009-03-28,07:24:34,82
40.051085,116.40494,0,281,39900.3092592593,2009-03-28,07:25:20,82
40.050947,116.40517,0,256,39900.3097800926,2009-03-28,07:26:05,82
40.050949,116.405231,0,247,39900.3103356481,2009-03-28,07:26:53,82
40.051078,116.405854,0,164,39900.3108333333,2009-03-28,07:27:36,82
40.051233,116.405718,0,165,39900.3116435185,2009-03-28,07:28:46,82
40.051256,116.405489,0,159,39900.3124537037,2009-03-28,07:29:56,82
40.052381,116.401393,0,152,39900.3127546296,2009-03-28,07:30:22,82
40.054112,116.397741,0,144,39900.3129398148,2009-03-28,07:30:38,82
40.055986,116.394018,0,133,39900.313125,2009-03-28,07:30:54,82
40.057407,116.390766,0,119,39900.3133101852,2009-03-28,07:31:10,82
40.058738,116.387656,0,106,39900.3134953704,2009-03-28,07:31:26,82
40.059991,116.384644,0,86,39900.3136805556,2009-03-28,07:31:42,82
40.061177,116.381886,0,75,39900.3138657407,2009-03-28,07:31:58,82
40.062491,116.378692,0,16,39900.3140509259,2009-03-28,07:32:14,82
40.063795,116.375749,0,-47,39900.3142361111,2009-03-28,07:32:30,82
40.065048,116.372716,0,-7,39900.3144212963,2009-03-28,07:32:46,82
40.066404,116.369589,0,46,39900.3146064815,2009-03-28,07:33:02,82
40.067625,116.36655,0,124,39900.3147916667,2009-03-28,07:33:18,82
40.068686,116.3634,0,192,39900.3149768518,2009-03-28,07:33:34,82
40.069108,116.360042,0,235,39900.315162037,2009-03-28,07:33:50,82
40.069157,116.356939,0,247,39900.3153472222,2009-03-28,07:34:06,82
40.069336,116.354967,0,285,39900.315775463,2009-03-28,07:34:43,82
40.069222,116.354724,0,222,39900.3165972222,2009-03-28,07:35:54,82
40.069124,116.351261,0,229,39900.3167824074,2009-03-28,07:36:10,82
40.069291,116.347494,0,225,39900.3169675926,2009-03-28,07:36:26,82
40.069609,116.343801,0,184,39900.3171527778,2009-03-28,07:36:42,82
40.069426,116.340242,0,160,39900.317337963,2009-03-28,07:36:58,82
40.069345,116.33665,0,147,39900.3175231481,2009-03-28,07:37:14,82
40.06941,116.333756,0,147,39900.3177083333,2009-03-28,07:37:30,82
40.069529,116.331707,0,173,39900.3178935185,2009-03-28,07:37:46,82
40.069737,116.330541,0,212,39900.3185416667,2009-03-28,07:38:42,82
40.069647,116.328118,0,236,39900.318912037,2009-03-28,07:39:14,82
40.069416,116.323602,0,197,39900.3190972222,2009-03-28,07:39:30,82
40.069446,116.319979,0,143,39900.3192824074,2009-03-28,07:39:46,82
40.069451,116.316675,0,122,39900.3194675926,2009-03-28,07:40:02,82
40.069653,116.314118,0,192,39900.3197685185,2009-03-28,07:40:28,82
40.069344,116.313902,0,177,39900.320625,2009-03-28,07:41:42,82
40.069588,116.310211,0,102,39900.3208449074,2009-03-28,07:42:01,82
40.069664,116.307157,0,93,39900.3210300926,2009-03-28,07:42:17,82
40.070027,116.304215,0,54,39900.3212152778,2009-03-28,07:42:33,82
40.070993,116.301117,0,26,39900.321400463,2009-03-28,07:42:49,82
40.07059,116.297728,0,-57,39900.3215856481,2009-03-28,07:43:05,82
40.059478,116.296072,0,164,39900.3226736111,2009-03-28,07:44:39,82
40.056958,116.29744,0,165,39900.3228587963,2009-03-28,07:44:55,82
40.054553,116.298694,0,182,39900.3230439815,2009-03-28,07:45:11,82
40.05222,116.299921,0,190,39900.3232291667,2009-03-28,07:45:27,82
40.05056,116.300872,0,166,39900.3235648148,2009-03-28,07:45:56,82
40.049733,116.301437,0,216,39900.3241550926,2009-03-28,07:46:47,82
40.046498,116.303505,0,145,39900.3243402778,2009-03-28,07:47:03,82
40.044232,116.305292,0,156,39900.324525463,2009-03-28,07:47:19,82
40.041896,116.306927,0,140,39900.3247106481,2009-03-28,07:47:35,82
40.039491,116.308284,0,145,39900.3248958333,2009-03-28,07:47:51,82
40.037556,116.310393,0,152,39900.3250810185,2009-03-28,07:48:07,82
40.0358,116.311993,0,157,39900.3252662037,2009-03-28,07:48:23,82
40.033987,116.313118,0,142,39900.3254513889,2009-03-28,07:48:39,82
40.032245,116.313774,0,150,39900.325775463,2009-03-28,07:49:07,82
40.031711,116.31406,0,156,39900.3264930556,2009-03-28,07:50:09,82
40.028183,116.315573,0,156,39900.3266782407,2009-03-28,07:50:25,82
40.025661,116.316528,0,145,39900.3268634259,2009-03-28,07:50:41,82
40.023019,116.317573,0,120,39900.3270486111,2009-03-28,07:50:57,82
40.020435,116.3186,0,117,39900.3272337963,2009-03-28,07:51:13,82
40.017971,116.319489,0,126,39900.3274189815,2009-03-28,07:51:29,82
40.015813,116.321499,0,114,39900.3276041667,2009-03-28,07:51:45,82
40.013781,116.323792,0,110,39900.3277893519,2009-03-28,07:52:01,82
40.011729,116.326068,0,101,39900.327974537,2009-03-28,07:52:17,82
40.00967,116.328318,0,88,39900.3281597222,2009-03-28,07:52:33,82
40.007507,116.33038,0,100,39900.3283449074,2009-03-28,07:52:49,82
40.004952,116.331082,0,101,39900.3285300926,2009-03-28,07:53:05,82
40.002163,116.331128,0,113,39900.3287152778,2009-03-28,07:53:21,82
39.999448,116.331226,0,118,39900.328900463,2009-03-28,07:53:37,82
39.996784,116.331358,0,138,39900.3290856481,2009-03-28,07:53:53,82
39.994281,116.331529,0,170,39900.3292708333,2009-03-28,07:54:09,82
39.992308,116.331585,0,159,39900.3295717593,2009-03-28,07:54:35,82
39.992182,116.331556,0,174,39900.3303125,2009-03-28,07:55:39,82
39.990157,116.331659,0,230,39900.3305787037,2009-03-28,07:56:02,82
39.987355,116.331791,0,196,39900.3307638889,2009-03-28,07:56:18,82
39.984558,116.332141,0,161,39900.3309490741,2009-03-28,07:56:34,82
39.981839,116.332589,0,155,39900.3311342593,2009-03-28,07:56:50,82
39.979032,116.333035,0,160,39900.3313194444,2009-03-28,07:57:06,82
39.976789,116.33347,0,157,39900.3315046296,2009-03-28,07:57:22,82
39.975679,116.333622,0,100,39900.3321296296,2009-03-28,07:58:16,82
39.975353,116.333233,0,189,39900.3328819444,2009-03-28,07:59:21,82
39.975584,116.331722,0,208,39900.3337615741,2009-03-28,08:00:37,82
39.975534,116.331006,0,151,39900.3346296296,2009-03-28,08:01:52,82
39.9664333,116.3725433,0,141.1,39900.0411689815,2009-03-28,00:59:17,128
39.9672383,116.3914199,0,144.4,39900.0428125,2009-03-28,01:01:39,128
39.9676283,116.4074683,0,150.9,39900.0439236111,2009-03-28,01:03:15,128
39.9685216,116.4102899,0,131.2,39900.0445601852,2009-03-28,01:04:10,128
39.9680583,116.4156683,0,85.3,39900.0458912037,2009-03-28,01:06:05,128
39.9618216,116.4188266,0,144.4,39900.0469212963,2009-03-28,01:07:34,128
39.9559866,116.4189016,0,164,39900.0478009259,2009-03-28,01:08:50,128
39.9517016,116.419085,0,177.2,39900.0486342593,2009-03-28,01:10:02,128
39.9485816,116.4190949,0,183.7,39900.0500115741,2009-03-28,01:12:01,128
39.9460283,116.4271549,0,170.6,39900.0509606482,2009-03-28,01:13:23,128
39.9393733,116.4282366,0,180.4,39900.0519675926,2009-03-28,01:14:50,128
39.9447583,116.4279333,0,226.4,39900.0530092593,2009-03-28,01:16:20,128
39.9450999,116.4279383,0,183.7,39900.0733449074,2009-03-28,01:45:37,128
39.9480833,116.4284416,0,173.9,39900.0745138889,2009-03-28,01:47:18,128
39.9529116,116.4282566,0,160.8,39900.0753703704,2009-03-28,01:48:32,128
39.9533016,116.4329599,0,157.5,39900.0761111111,2009-03-28,01:49:36,128
39.949295,116.4339499,0,154.2,39900.0770138889,2009-03-28,01:50:54,128
39.9458449,116.4376616,0,144.4,39900.0782638889,2009-03-28,01:52:42,128
39.9453566,116.4437283,0,124.7,39900.0791435185,2009-03-28,01:53:58,128
39.9428016,116.444085,0,150.9,39900.0798726852,2009-03-28,01:55:01,128
39.9399016,116.4488866,0,114.8,39900.0807986111,2009-03-28,01:56:21,128
39.939935,116.4552666,0,88.6,39900.0823032407,2009-03-28,01:58:31,128
39.9465716,116.4558666,0,144.4,39900.0832523148,2009-03-28,01:59:53,128
39.947575,116.4537116,0,170.6,39900.0842939815,2009-03-28,02:01:23,128
39.9472083,116.4532,0,180.4,39900.0852430556,2009-03-28,02:02:45,128
39.9478333,116.4558216,0,187,39900.0873726852,2009-03-28,02:05:49,128
39.9486433,116.456205,0,183.7,39900.0897685185,2009-03-28,02:09:16,128
39.9574183,116.446985,0,144.4,39900.0908333333,2009-03-28,02:10:48,128
39.967175,116.4320233,0,134.5,39900.0919444444,2009-03-28,02:12:24,128
39.9752916,116.4293866,0,167.3,39900.0930555556,2009-03-28,02:14:00,128
39.9972533,116.4438466,0,114.8,39900.0944444444,2009-03-28,02:16:00,128
40.0188283,116.4512716,0,131.2,39900.0958333333,2009-03-28,02:18:00,128
40.0284016,116.4595616,0,170.6,39900.0968981481,2009-03-28,02:19:32,128
40.0318549,116.4647766,0,141.1,39900.0978009259,2009-03-28,02:20:50,128
40.0336966,116.467985,0,111.5,39900.0985185185,2009-03-28,02:21:52,128
40.0473233,116.47661,0,111.5,39900.0996296296,2009-03-28,02:23:28,128
40.0682566,116.4759833,0,85.3,39900.1009259259,2009-03-28,02:25:20,128
40.0945833,116.4750883,0,101.7,39900.1023611111,2009-03-28,02:27:24,128
40.133495,116.4773983,0,105,39900.1041666667,2009-03-28,02:30:00,128
40.1790416,116.48328,0,134.5,39900.1060185185,2009-03-28,02:32:40,128
40.2209916,116.5055233,0,170.6,39900.1078703704,2009-03-28,02:35:20,128
40.25105,116.5488249,0,167.3,39900.1097222222,2009-03-28,02:38:00,128
40.2655333,116.5940933,0,173.9,39900.1113888889,2009-03-28,02:40:24,128
40.2724833,116.6348083,0,124.7,39900.1129166667,2009-03-28,02:42:36,128
40.275735,116.6342516,0,101.7,39900.1135648148,2009-03-28,02:43:32,128
40.2830633,116.6353783,0,108.3,39900.1147453704,2009-03-28,02:45:14,128
40.2872283,116.6363599,0,98.4,39900.1154976852,2009-03-28,02:46:19,128
40.296125,116.6395583,0,124.7,39900.1165856481,2009-03-28,02:47:53,128
40.3022933,116.6354549,0,114.8,39900.1174884259,2009-03-28,02:49:11,128
40.307665,116.6324816,0,121.4,39900.1183912037,2009-03-28,02:50:29,128
40.3099066,116.6253416,0,128,39900.1193865741,2009-03-28,02:51:55,128
40.3144166,116.6248233,0,118.1,39900.1204398148,2009-03-28,02:53:26,128
40.3160083,116.6241566,0,134.5,39900.1211458333,2009-03-28,02:54:27,128
40.3170633,116.6245016,0,164,39900.1216666667,2009-03-28,02:55:12,128
40.31966,116.6244999,0,180.4,39900.1225347222,2009-03-28,02:56:27,128
40.3272566,116.6244416,0,193.6,39900.1234606481,2009-03-28,02:57:47,128
40.3376699,116.6246849,0,173.9,39900.1245717593,2009-03-28,02:59:23,128
40.343,116.6246299,0,150.9,39900.1254166667,2009-03-28,03:00:36,128
40.3555183,116.6211,0,170.6,39900.1265277778,2009-03-28,03:02:12,128
40.3602416,116.6129483,0,196.9,39900.1283101852,2009-03-28,03:04:46,128
40.3737816,116.6162616,0,288.7,39900.1294675926,2009-03-28,03:06:26,128
40.3742816,116.6177899,0,288.7,39900.1304513889,2009-03-28,03:07:51,128
40.3695983,116.6134482,0,262.5,39900.1313657407,2009-03-28,03:09:10,128
40.3630966,116.6120116,0,213.3,39900.1323032407,2009-03-28,03:10:31,128
40.36116,116.593735,0,262.5,39900.1335532407,2009-03-28,03:12:19,128
40.36872,116.58761,0,298.6,39900.1346412037,2009-03-28,03:13:53,128
40.3748333,116.5832932,0,354.3,39900.1357291667,2009-03-28,03:15:27,128
40.3774116,116.5810533,0,374,39900.1369791667,2009-03-28,03:17:15,128
40.3777849,116.5812099,0,374,39900.1377893519,2009-03-28,03:18:25,128
40.381255,116.5817116,0,374,39900.1386226852,2009-03-28,03:19:37,128
40.3871849,116.58066,0,488.8,39900.1396180556,2009-03-28,03:21:03,128
40.3941316,116.5795499,0,518.4,39900.1406134259,2009-03-28,03:22:29,128
40.3940749,116.5792916,0,544.6,39900.1410416667,2009-03-28,03:23:06,128
40.3944766,116.5791149,0,584,39900.1434606481,2009-03-28,03:26:35,128
40.3946699,116.5790249,0,577.4,39900.1441898148,2009-03-28,03:27:38,128
40.3948399,116.5787599,0,577.4,39900.1445601852,2009-03-28,03:28:10,128
40.3949433,116.5785683,0,577.4,39900.1449305556,2009-03-28,03:28:42,128
40.3949433,116.5783983,0,584,39900.1453356481,2009-03-28,03:29:17,128
40.3951,116.5782516,0,600.4,39900.1457291667,2009-03-28,03:29:51,128
40.3951566,116.5783999,0,633.2,39900.1461921296,2009-03-28,03:30:31,128
40.3953833,116.5783383,0,652.9,39900.1465972222,2009-03-28,03:31:06,128
40.3955949,116.5783133,0,659.4,39900.147037037,2009-03-28,03:31:44,128
40.39588,116.5781883,0,656.2,39900.1474305556,2009-03-28,03:32:18,128
40.3957399,116.5778416,0,659.4,39900.1478009259,2009-03-28,03:32:50,128
40.3956699,116.577675,0,662.7,39900.1482060185,2009-03-28,03:33:25,128
40.3955233,116.5774249,0,662.7,39900.1485763889,2009-03-28,03:33:57,128
40.3956066,116.5771266,0,662.7,39900.1489351852,2009-03-28,03:34:28,128
40.3955016,116.5768616,0,662.7,39900.1493055556,2009-03-28,03:35:00,128
40.3953299,116.5767049,0,662.7,39900.1496759259,2009-03-28,03:35:32,128
40.3952633,116.5763733,0,679.1,39900.1500578704,2009-03-28,03:36:05,128
40.395275,116.5761016,0,679.1,39900.1505208333,2009-03-28,03:36:45,128
40.3954866,116.5756449,0,679.1,39900.1509143518,2009-03-28,03:37:19,128
40.3954783,116.57539,0,679.1,39900.1512847222,2009-03-28,03:37:51,128
40.3955716,116.5752266,0,675.9,39900.1519444444,2009-03-28,03:38:48,128
40.3958383,116.5749649,0,675.9,39900.1524189815,2009-03-28,03:39:29,128
40.3960733,116.5748916,0,675.9,39900.1527893519,2009-03-28,03:40:01,128
40.3963466,116.5750616,0,672.6,39900.1531597222,2009-03-28,03:40:33,128
40.3964883,116.5751016,0,675.9,39900.1537847222,2009-03-28,03:41:27,128
40.3967516,116.5754182,0,675.9,39900.1541550926,2009-03-28,03:41:59,128
40.396985,116.5755349,0,679.1,39900.154525463,2009-03-28,03:42:31,128
40.3972149,116.5756449,0,679.1,39900.1548958333,2009-03-28,03:43:03,128
40.3973933,116.5757616,0,682.4,39900.1552662037,2009-03-28,03:43:35,128
40.3976083,116.5758149,0,685.7,39900.1556365741,2009-03-28,03:44:07,128
40.3978533,116.5757816,0,685.7,39900.1560069444,2009-03-28,03:44:39,128
40.3980583,116.5758333,0,685.7,39900.1564467593,2009-03-28,03:45:17,128
40.3982933,116.5758082,0,685.7,39900.1568402778,2009-03-28,03:45:51,128
40.3985083,116.5758616,0,685.7,39900.1572916667,2009-03-28,03:46:30,128
40.3988199,116.5757733,0,682.4,39900.157662037,2009-03-28,03:47:02,128
40.3988916,116.5758766,0,685.7,39900.1581828704,2009-03-28,03:47:47,128
40.39918,116.5759733,0,689,39900.158587963,2009-03-28,03:48:22,128
40.39946,116.5759666,0,685.7,39900.1590162037,2009-03-28,03:48:59,128
40.399655,116.5759449,0,689,39900.1593865741,2009-03-28,03:49:31,128
40.3998966,116.5759466,0,692.3,39900.1597569444,2009-03-28,03:50:03,128
40.4000683,116.5760049,0,692.3,39900.1601273148,2009-03-28,03:50:35,128
40.4002316,116.5760116,0,698.8,39900.1604976852,2009-03-28,03:51:07,128
40.40042,116.576135,0,705.4,39900.1608680556,2009-03-28,03:51:39,128
40.4006133,116.5762366,0,711.9,39900.1612384259,2009-03-28,03:52:11,128
40.400805,116.5763883,0,718.5,39900.1616087963,2009-03-28,03:52:43,128
40.4011083,116.5763832,0,718.5,39900.1620138889,2009-03-28,03:53:18,128
40.4013416,116.5762249,0,728.3,39900.1623842593,2009-03-28,03:53:50,128
40.4014783,116.5761182,0,748,39900.1627662037,2009-03-28,03:54:23,128
40.4016733,116.5760666,0,757.9,39900.1631828704,2009-03-28,03:54:59,128
40.4018116,116.576035,0,764.4,39900.1635532407,2009-03-28,03:55:31,128
40.4021333,116.5759749,0,757.9,39900.1640046296,2009-03-28,03:56:10,128
40.4022949,116.5757483,0,757.9,39900.1643981481,2009-03-28,03:56:44,128
40.4024616,116.5755833,0,761.2,39900.1647685185,2009-03-28,03:57:16,128
40.4026433,116.5755899,0,757.9,39900.1651736111,2009-03-28,03:57:51,128
40.4029166,116.5755649,0,757.9,39900.1655555556,2009-03-28,03:58:24,128
40.4031283,116.5755233,0,757.9,39900.1659259259,2009-03-28,03:58:56,128
40.4032383,116.575235,0,764.4,39900.1662962963,2009-03-28,03:59:28,128
40.4032783,116.5750799,0,797.2,39900.1666550926,2009-03-28,03:59:59,128
40.4033983,116.5750283,0,803.8,39900.1670601852,2009-03-28,04:00:34,128
40.4034499,116.5749099,0,810.4,39900.1681481482,2009-03-28,04:02:08,128
40.4033333,116.5751316,0,971.1,39900.1716319444,2009-03-28,04:07:09,128
40.4030899,116.5753233,0,964.6,39900.1720023148,2009-03-28,04:07:41,128
40.4029183,116.5755383,0,954.7,39900.1723958333,2009-03-28,04:08:15,128
40.40266,116.5754649,0,948.2,39900.1727893518,2009-03-28,04:08:49,128
40.4024033,116.5755516,0,908.8,39900.1731597222,2009-03-28,04:09:21,128
40.4021666,116.5757216,0,879.3,39900.1735300926,2009-03-28,04:09:53,128
40.4018183,116.5758766,0,869.4,39900.173900463,2009-03-28,04:10:25,128
40.40166,116.5760583,0,846.5,39900.1742708333,2009-03-28,04:10:57,128
40.4012699,116.5761716,0,830.1,39900.1746643518,2009-03-28,04:11:31,128
40.4010116,116.5763349,0,810.4,39900.1750347222,2009-03-28,04:12:03,128
40.4008283,116.5762966,0,790.7,39900.1754166667,2009-03-28,04:12:36,128
40.4004483,116.5761433,0,797.2,39900.175787037,2009-03-28,04:13:08,128
40.4001683,116.5760083,0,787.4,39900.1761689815,2009-03-28,04:13:41,128
40.4001233,116.5756383,0,787.4,39900.1765625,2009-03-28,04:14:15,128
40.4003083,116.5754066,0,784.1,39900.1769675926,2009-03-28,04:14:50,128
40.4002516,116.575195,0,780.8,39900.177337963,2009-03-28,04:15:22,128
40.4000883,116.5755866,0,790.7,39900.1795601852,2009-03-28,04:18:34,128
40.4001083,116.5759166,0,797.2,39900.1799305556,2009-03-28,04:19:06,128
40.3999416,116.5759566,0,751.3,39900.1803125,2009-03-28,04:19:39,128
40.3996999,116.5758932,0,734.9,39900.1807060185,2009-03-28,04:20:13,128
40.399395,116.5758966,0,728.3,39900.181099537,2009-03-28,04:20:47,128
40.3991333,116.5757816,0,741.5,39900.1814930556,2009-03-28,04:21:21,128
40.3988066,116.5757666,0,718.5,39900.1818634259,2009-03-28,04:21:53,128
40.3985633,116.5757499,0,718.5,39900.1822337963,2009-03-28,04:22:25,128
40.3982166,116.5756799,0,725.1,39900.1826273148,2009-03-28,04:22:59,128
40.3979416,116.5756183,0,728.3,39900.1830208333,2009-03-28,04:23:33,128
40.39768,116.5757516,0,708.7,39900.1833912037,2009-03-28,04:24:05,128
40.3974299,116.5756016,0,721.8,39900.1837731482,2009-03-28,04:24:38,128
40.3972583,116.5754316,0,731.6,39900.1841435185,2009-03-28,04:25:10,128
40.3970766,116.57528,0,738.2,39900.1846064815,2009-03-28,04:25:50,128
40.3966783,116.5750999,0,738.2,39900.185,2009-03-28,04:26:24,128
40.3965266,116.5748416,0,738.2,39900.1854166667,2009-03-28,04:27:00,128
40.3961683,116.5748432,0,725.1,39900.1858101852,2009-03-28,04:27:34,128
40.3958716,116.5748183,0,685.7,39900.1862152778,2009-03-28,04:28:09,128
40.3956583,116.575125,0,689,39900.1865856481,2009-03-28,04:28:41,128
40.3954733,116.5753366,0,666,39900.1871527778,2009-03-28,04:29:30,128
40.3952849,116.5753366,0,662.7,39900.1875347222,2009-03-28,04:30:03,128
40.3949666,116.5754133,0,662.7,39900.1879050926,2009-03-28,04:30:35,128
40.394905,116.5752166,0,669.3,39900.1883796296,2009-03-28,04:31:16,128
40.3949516,116.5750483,0,669.3,39900.1888773148,2009-03-28,04:31:59,128
40.394925,116.5748766,0,672.6,39900.1892476852,2009-03-28,04:32:31,128
40.394815,116.5746716,0,689,39900.1896527778,2009-03-28,04:33:06,128
40.3948999,116.5744533,0,702.1,39900.1900347222,2009-03-28,04:33:39,128
40.3947966,116.5743483,0,705.4,39900.1908796296,2009-03-28,04:34:52,128
40.3945449,116.5741483,0,705.4,39900.1913888889,2009-03-28,04:35:36,128
40.3942966,116.5739016,0,715.2,39900.1917708333,2009-03-28,04:36:09,128
40.3940466,116.5737166,0,728.3,39900.1921875,2009-03-28,04:36:45,128
40.3938449,116.5741199,0,748,39900.1925694444,2009-03-28,04:37:18,128
40.3937883,116.5744399,0,757.9,39900.1930208333,2009-03-28,04:37:57,128
40.393825,116.5745583,0,764.4,39900.1937962963,2009-03-28,04:39:04,128
40.3938333,116.5747866,0,748,39900.1941782407,2009-03-28,04:39:37,128
40.3936399,116.5750149,0,748,39900.1945486111,2009-03-28,04:40:09,128
40.3935083,116.5752299,0,738.2,39900.1949189815,2009-03-28,04:40:41,128
40.39332,116.57535,0,741.5,39900.1953240741,2009-03-28,04:41:16,128
40.3927716,116.5754233,0,692.3,39900.1979398148,2009-03-28,04:45:02,128
40.3926249,116.5757382,0,682.4,39900.1983333333,2009-03-28,04:45:36,128
40.3922766,116.5756616,0,672.6,39900.1987152778,2009-03-28,04:46:09,128
40.3921616,116.5754716,0,669.3,39900.1991666667,2009-03-28,04:46:48,128
40.3921633,116.5759949,0,659.4,39900.1995601852,2009-03-28,04:47:22,128
40.3921783,116.5763899,0,652.9,39900.1999305556,2009-03-28,04:47:54,128
40.3920766,116.5766632,0,633.2,39900.2003125,2009-03-28,04:48:27,128
40.3918466,116.57703,0,623.4,39900.2007523148,2009-03-28,04:49:05,128
40.39178,116.5771966,0,613.5,39900.2011458333,2009-03-28,04:49:39,128
40.3916633,116.5775583,0,613.5,39900.2015277778,2009-03-28,04:50:12,128
40.3916033,116.5779216,0,613.5,39900.2018981481,2009-03-28,04:50:44,128
40.391535,116.5783799,0,597.1,39900.2022685185,2009-03-28,04:51:16,128
40.3915033,116.5788583,0,584,39900.202662037,2009-03-28,04:51:50,128
40.391485,116.579175,0,570.9,39900.2030324074,2009-03-28,04:52:22,128
40.3916866,116.5793433,0,574.1,39900.2034027778,2009-03-28,04:52:54,128
40.3920349,116.5795133,0,580.7,39900.2038194444,2009-03-28,04:53:30,128
40.392355,116.579525,0,574.1,39900.2042013889,2009-03-28,04:54:03,128
40.392655,116.5795299,0,587.3,39900.2045717593,2009-03-28,04:54:35,128
40.3928966,116.5795349,0,600.4,39900.2049421296,2009-03-28,04:55:07,128
40.3931899,116.57954,0,607,39900.2054050926,2009-03-28,04:55:47,128
40.3934849,116.5795416,0,610.2,39900.205775463,2009-03-28,04:56:19,128
40.3937599,116.5795999,0,607,39900.2061458333,2009-03-28,04:56:51,128
40.3940216,116.5795533,0,590.6,39900.2065162037,2009-03-28,04:57:23,128
40.3941683,116.5793483,0,603.7,39900.2087152778,2009-03-28,05:00:33,128
40.3888416,116.5805849,0,584,39900.2094675926,2009-03-28,05:01:38,128
40.3805999,116.5812783,0,488.8,39900.2105787037,2009-03-28,05:03:14,128
40.3740033,116.5832932,0,397,39900.2116898148,2009-03-28,05:04:50,128
40.3633616,116.5894466,0,305.1,39900.2128009259,2009-03-28,05:06:26,128
40.3606949,116.5942499,0,269,39900.2134953704,2009-03-28,05:07:26,128
40.3618816,116.6116066,0,196.9,39900.2146759259,2009-03-28,05:09:08,128
40.3619349,116.6112816,0,196.9,39900.2153240741,2009-03-28,05:10:04,128
40.3611016,116.6101016,0,196.9,39900.2570486111,2009-03-28,06:10:09,128
40.3613583,116.5933766,0,252.6,39900.2581597222,2009-03-28,06:11:45,128
40.3625116,116.5759383,0,229.7,39900.2592708333,2009-03-28,06:13:21,128
40.3623566,116.5624866,0,200.1,39900.2603819444,2009-03-28,06:14:57,128
40.3599949,116.5577266,0,239.5,39900.2612384259,2009-03-28,06:16:11,128
40.3480483,116.5687216,0,226.4,39900.262349537,2009-03-28,06:17:47,128
40.3382833,116.560045,0,239.5,39900.2634606481,2009-03-28,06:19:23,128
40.3332116,116.5564016,0,226.4,39900.2643171296,2009-03-28,06:20:37,128
40.3327066,116.5567283,0,216.5,39900.2649305556,2009-03-28,06:21:30,128
40.3198316,116.5584182,0,223.1,39900.2661111111,2009-03-28,06:23:12,128
40.3140333,116.5682966,0,246.1,39900.2672106481,2009-03-28,06:24:47,128
40.3013199,116.5723149,0,347.8,39900.2683217593,2009-03-28,06:26:23,128
40.2909183,116.5726916,0,223.1,39900.2695023148,2009-03-28,06:28:05,128
40.2912099,116.5820616,0,229.7,39900.2704282407,2009-03-28,06:29:25,128
40.2950733,116.5944983,0,164,39900.2715393519,2009-03-28,06:31:01,128
40.3013783,116.5994483,0,196.9,39900.2724884259,2009-03-28,06:32:23,128
40.307615,116.5904283,0,262.5,39900.273599537,2009-03-28,06:33:59,128
40.3068949,116.5884632,0,262.5,39900.2745486111,2009-03-28,06:35:21,128
40.3071516,116.5892833,0,259.2,39900.2752314815,2009-03-28,06:36:20,128
40.30868,116.5830916,0,242.8,39900.2760416667,2009-03-28,06:37:30,128
40.3146466,116.5712949,0,210,39900.2771527778,2009-03-28,06:39:06,128
40.3152966,116.5611382,0,187,39900.2783564815,2009-03-28,06:40:50,128
40.3158066,116.5607433,0,196.9,39900.287650463,2009-03-28,06:54:13,128
40.3140999,116.5733349,0,180.4,39900.2886458333,2009-03-28,06:55:39,128
40.3075066,116.587835,0,183.7,39900.2897569444,2009-03-28,06:57:15,128
40.3021099,116.5998049,0,223.1,39900.2908680556,2009-03-28,06:58:51,128
40.2942983,116.5950999,0,200.1,39900.2917476852,2009-03-28,07:00:07,128
40.2778599,116.5782833,0,210,39900.2931134259,2009-03-28,07:02:05,128
40.2602966,116.5726716,0,180.4,39900.2943981481,2009-03-28,07:03:56,128
40.2418583,116.5303466,0,164,39900.2960416667,2009-03-28,07:06:18,128
40.2076116,116.4941966,0,164,39900.2978935185,2009-03-28,07:08:58,128
40.1805366,116.4833583,0,121.4,39900.2993055556,2009-03-28,07:11:00,128
40.16836,116.4812116,0,101.7,39900.3001851852,2009-03-28,07:12:16,128
40.1206666,116.4779999,0,101.7,39900.302037037,2009-03-28,07:14:56,128
40.11697,116.471265,0,78.7,39900.3029513889,2009-03-28,07:16:15,128
40.1170983,116.464585,0,91.9,39900.3039583333,2009-03-28,07:17:42,128
40.1173633,116.4465833,0,91.9,39900.3050694444,2009-03-28,07:19:18,128
40.1175449,116.4355599,0,111.5,39900.3061111111,2009-03-28,07:20:48,128
40.1163883,116.4190866,0,101.7,39900.3071759259,2009-03-28,07:22:20,128
40.1153366,116.4066833,0,114.8,39900.3082175926,2009-03-28,07:23:50,128
40.1111199,116.4055033,0,88.6,39900.3090277778,2009-03-28,07:25:00,128
40.1030633,116.4056966,0,65.6,39900.31,2009-03-28,07:26:24,128
40.1020199,116.3933949,0,88.6,39900.3109490741,2009-03-28,07:27:46,128
40.1000266,116.37256,0,88.6,39900.3121064815,2009-03-28,07:29:26,128
40.0984366,116.3588033,0,88.6,39900.3131944444,2009-03-28,07:31:00,128
40.0923366,116.3589283,0,98.4,39900.3141435185,2009-03-28,07:32:22,128
40.0886733,116.3581533,0,85.3,39900.3149537037,2009-03-28,07:33:32,128
40.0829066,116.3565583,0,72.2,39900.3159490741,2009-03-28,07:34:58,128
40.0824099,116.3434833,0,88.6,39900.3169212963,2009-03-28,07:36:22,128
40.0789116,116.3334449,0,82,39900.3180092593,2009-03-28,07:37:56,128
40.07837,116.3281583,0,118.1,39900.318912037,2009-03-28,07:39:14,128
40.0759716,116.3274816,0,124.7,39900.3197337963,2009-03-28,07:40:25,128
40.0767083,116.3257233,0,124.7,39900.3218865741,2009-03-28,07:43:31,128
40.0769099,116.3255866,0,134.5,39900.3223032407,2009-03-28,07:44:07,128
39.98667,116.3897383,0,259.2,39900.3661921296,2009-03-28,08:47:19,140
39.9870099,116.3856333,0,239.5,39900.3668055556,2009-03-28,08:48:12,140
39.9866883,116.3838783,0,203.4,39900.3672453704,2009-03-28,08:48:50,140
39.9866349,116.3815516,0,200.1,39900.3676157407,2009-03-28,08:49:22,140
39.9867016,116.3781149,0,193.6,39900.3679861111,2009-03-28,08:49:54,140
39.98615,116.3632216,0,131.2,39900.3687384259,2009-03-28,08:50:59,140
39.9859483,116.3562583,0,141.1,39900.3691782407,2009-03-28,08:51:37,140
39.9859116,116.3524583,0,167.3,39900.3695486111,2009-03-28,08:52:09,140
39.9858883,116.3508983,0,173.9,39900.3699189815,2009-03-28,08:52:41,140
39.9858716,116.3506583,0,177.2,39900.3706481481,2009-03-28,08:53:44,140
39.9858983,116.3496183,0,173.9,39900.3711111111,2009-03-28,08:54:24,140
39.9859033,116.3489349,0,170.6,39900.3715162037,2009-03-28,08:54:59,140
39.9858983,116.3485666,0,170.6,39900.3720486111,2009-03-28,08:55:45,140
39.9859499,116.3480133,0,173.9,39900.3725231481,2009-03-28,08:56:26,140
39.985185,116.3472516,0,173.9,39900.3730671296,2009-03-28,08:57:13,140
39.981375,116.3475449,0,177.2,39900.3734375,2009-03-28,08:57:45,140
39.978735,116.347925,0,187,39900.3738078704,2009-03-28,08:58:17,140
39.9755766,116.3475099,0,193.6,39900.3741782407,2009-03-28,08:58:49,140
39.9751766,116.3433749,0,190.3,39900.3745486111,2009-03-28,08:59:21,140
39.9749133,116.3422916,0,196.9,39900.3749537037,2009-03-28,08:59:56,140
39.9751316,116.3402833,0,210,39900.3753240741,2009-03-28,09:00:28,140
39.9752449,116.3388133,0,226.4,39900.3758333333,2009-03-28,09:01:12,140
39.97521,116.3326316,0,173.9,39900.3762384259,2009-03-28,09:01:47,140
39.9753833,116.3307383,0,206.7,39900.3766087963,2009-03-28,09:02:19,140
39.9756216,116.3306999,0,210,39900.3769791667,2009-03-28,09:02:51,140
39.975345,116.3306483,0,213.3,39900.3774189815,2009-03-28,09:03:29,140
39.9753116,116.3322899,0,216.5,39900.4916782407,2009-03-28,11:48:01,140
39.97532,116.3329816,0,219.8,39900.4920486111,2009-03-28,11:48:33,140
39.9753933,116.3335849,0,219.8,39900.4924189815,2009-03-28,11:49:05,140
39.9754083,116.3337766,0,219.8,39900.492974537,2009-03-28,11:49:53,140
39.9752083,116.3346949,0,219.8,39900.4933796296,2009-03-28,11:50:28,140
39.975205,116.3353116,0,216.5,39900.49375,2009-03-28,11:51:00,140
39.9751983,116.3358833,0,213.3,39900.4941203704,2009-03-28,11:51:32,140
39.97525,116.3365083,0,213.3,39900.4944907407,2009-03-28,11:52:04,140
39.9752999,116.3371416,0,213.3,39900.4948611111,2009-03-28,11:52:36,140
39.9754099,116.3376666,0,213.3,39900.4952314815,2009-03-28,11:53:08,140
39.975235,116.3381116,0,213.3,39900.4956018519,2009-03-28,11:53:40,140
39.9753566,116.3388666,0,213.3,39900.4959722222,2009-03-28,11:54:12,140
39.9753766,116.3393666,0,219.8,39900.4963425926,2009-03-28,11:54:44,140
39.97515,116.3396799,0,216.5,39900.4967476852,2009-03-28,11:55:19,140
39.920807,116.471882,0,55,39900.1752777778,2009-03-28,04:12:24,153
39.919917,116.471773,0,49,39900.1760300926,2009-03-28,04:13:29,153
39.916336,116.471812,0,55,39900.1769560185,2009-03-28,04:14:49,153
39.914205,116.471244,0,32,39900.1778240741,2009-03-28,04:16:04,153
39.910691,116.471331,0,102,39900.1786921296,2009-03-28,04:17:19,153
39.909169,116.471488,0,108,39900.1795601852,2009-03-28,04:18:34,153
39.908192,116.471665,0,119,39900.1804861111,2009-03-28,04:19:54,153
39.907399,116.471228,0,96,39900.181412037,2009-03-28,04:21:14,153
39.906801,116.368009,0,176,39900.2001736111,2009-03-28,04:48:15,153
39.907425,116.368209,0,96,39900.2010416667,2009-03-28,04:49:30,153
39.955671,116.341538,0,68,39900.3602430556,2009-03-28,08:38:45,153
39.965436,116.338249,0,282,39900.3611689815,2009-03-28,08:40:05,153
39.973547,116.334111,0,177,39900.3623842593,2009-03-28,08:41:50,153
39.978322,116.333532,0,738,39900.3633680556,2009-03-28,08:43:15,153
39.975298,116.333934,0,613,39900.3642361111,2009-03-28,08:44:30,153
39.975358,116.335098,0,595,39900.3653935185,2009-03-28,08:46:10,153
39.97488,116.333571,0,137,39900.3662615741,2009-03-28,08:47:25,153
39.97479,116.332244,0,46,39900.3671875,2009-03-28,08:48:45,153
39.974235,116.331885,0,16,39900.3681134259,2009-03-28,08:50:05,153
39.974059,116.33307,0,124,39900.4617939815,2009-03-28,11:04:59,153
39.974839,116.331797,0,145,39900.4627199074,2009-03-28,11:06:19,153
39.974976,116.330267,0,152,39900.4636458333,2009-03-28,11:07:39,153
39.97523,116.3293,0,164,39900.4645717593,2009-03-28,11:08:59,153
39.975405,116.3307,0,219,39900.4654976852,2009-03-28,11:10:19,153
39.975214,116.329271,0,134,39900.5941087963,2009-03-28,14:15:31,153
39.975165,116.33001,0,131,39900.5948032407,2009-03-28,14:16:31,153
39.975072,116.333226,0,115,39900.5949884259,2009-03-28,14:16:47,153
39.975091,116.336575,0,99,39900.5951736111,2009-03-28,14:17:03,153
39.975354,116.339404,0,119,39900.5954050926,2009-03-28,14:17:23,153
39.975029,116.340742,0,125,39900.5958796296,2009-03-28,14:18:04,153
39.975235,116.343328,0,101,39900.5960648148,2009-03-28,14:18:20,153
39.975491,116.345563,0,98,39900.5962615741,2009-03-28,14:18:37,153
39.974523,116.346973,0,65,39900.5965046296,2009-03-28,14:18:58,153
39.972314,116.346971,0,38,39900.5966898148,2009-03-28,14:19:14,153
39.969768,116.347109,0,24,39900.596875,2009-03-28,14:19:30,153
39.967376,116.347245,0,24,39900.5970601852,2009-03-28,14:19:46,153
39.965191,116.347185,0,14,39900.5972569444,2009-03-28,14:20:03,153
39.966267,116.347246,0,28,39900.5975810185,2009-03-28,14:20:31,153
39.966273,116.350177,0,37,39900.5977662037,2009-03-28,14:20:47,153
39.966295,116.353117,0,34,39900.5979513889,2009-03-28,14:21:03,153
39.966375,116.355717,0,42,39900.5981365741,2009-03-28,14:21:19,153
39.966419,116.358701,0,65,39900.5983217593,2009-03-28,14:21:35,153
39.966466,116.361645,0,90,39900.5985069444,2009-03-28,14:21:51,153
39.966559,116.364856,0,169,39900.5986921296,2009-03-28,14:22:07,153
39.966651,116.368359,0,169,39900.5988773148,2009-03-28,14:22:23,153
39.966711,116.371559,0,169,39900.5990625,2009-03-28,14:22:39,153
39.966824,116.374303,0,166,39900.5992476852,2009-03-28,14:22:55,153
39.966843,116.377373,0,162,39900.5994328704,2009-03-28,14:23:11,153
39.966919,116.380686,0,122,39900.5996180556,2009-03-28,14:23:27,153
39.967013,116.383972,0,124,39900.5998032407,2009-03-28,14:23:43,153
39.96713,116.387151,0,129,39900.5999884259,2009-03-28,14:23:59,153
39.967191,116.390337,0,128,39900.6001736111,2009-03-28,14:24:15,153
39.967354,116.393604,0,126,39900.6003587963,2009-03-28,14:24:31,153
39.967376,116.396936,0,124,39900.6005439815,2009-03-28,14:24:47,153
39.967476,116.400526,0,125,39900.6007291667,2009-03-28,14:25:03,153
39.96759,116.403781,0,145,39900.6009143519,2009-03-28,14:25:19,153
39.967603,116.407123,0,125,39900.601099537,2009-03-28,14:25:35,153
39.967715,116.409858,0,110,39900.6012847222,2009-03-28,14:25:51,153
39.967721,116.413357,0,165,39900.6014699074,2009-03-28,14:26:07,153
39.967875,116.417268,0,171,39900.6016550926,2009-03-28,14:26:23,153
39.967987,116.421012,0,159,39900.6018402778,2009-03-28,14:26:39,153
39.968128,116.424717,0,159,39900.602025463,2009-03-28,14:26:55,153
39.968251,116.428117,0,178,39900.6022106481,2009-03-28,14:27:11,153
39.967396,116.431553,0,130,39900.6023958333,2009-03-28,14:27:27,153
39.965566,116.434479,0,102,39900.6025810185,2009-03-28,14:27:43,153
39.963692,116.437375,0,86,39900.6027662037,2009-03-28,14:27:59,153
39.961801,116.440339,0,95,39900.6029513889,2009-03-28,14:28:15,153
39.959807,116.443304,0,71,39900.6031365741,2009-03-28,14:28:31,153
39.958016,116.446154,0,59,39900.6033217593,2009-03-28,14:28:47,153
39.956192,116.448686,0,59,39900.6035069444,2009-03-28,14:29:03,153
39.954477,116.451323,0,50,39900.6036921296,2009-03-28,14:29:19,153
39.952542,116.454162,0,69,39900.6038773148,2009-03-28,14:29:35,153
39.949984,116.455648,0,88,39900.6040625,2009-03-28,14:29:51,153
39.947134,116.455618,0,184,39900.6042476852,2009-03-28,14:30:07,153
39.944444,116.455622,0,173,39900.6044328704,2009-03-28,14:30:23,153
39.941512,116.455592,0,136,39900.6046180556,2009-03-28,14:30:39,153
39.938498,116.455544,0,128,39900.6048032407,2009-03-28,14:30:55,153
39.936005,116.455461,0,118,39900.6049884259,2009-03-28,14:31:11,153
39.933776,116.45542,0,105,39900.6051736111,2009-03-28,14:31:27,153
39.932721,116.455423,0,112,39900.6058333333,2009-03-28,14:32:24,153
39.932295,116.457784,0,108,39900.6062037037,2009-03-28,14:32:56,153
39.932282,116.460363,0,120,39900.606412037,2009-03-28,14:33:14,153
39.932313,116.461323,0,163,39900.6070138889,2009-03-28,14:34:06,153
39.932387,116.464246,0,160,39900.6071990741,2009-03-28,14:34:22,153
39.932451,116.466835,0,172,39900.6074884259,2009-03-28,14:34:47,153
39.932424,116.469502,0,157,39900.6076736111,2009-03-28,14:35:03,153
39.93235,116.471662,0,148,39900.6078587963,2009-03-28,14:35:19,153
39.930774,116.47221,0,82,39900.6080787037,2009-03-28,14:35:38,153
39.92889,116.47219,0,60,39900.6084259259,2009-03-28,14:36:08,153
39.926921,116.472048,0,69,39900.6086458333,2009-03-28,14:36:27,153
39.926909,116.471958,0,106,39900.6094791667,2009-03-28,14:37:39,153
39.926972,116.471523,0,114,39900.610150463,2009-03-28,14:38:37,153
39.92716,116.4709,0,129,39900.6110185185,2009-03-28,14:39:52,153
